7.6535e-06
9.79026e-06
1.1927e-05
1.40638e-05
1.62005e-05
1.83373e-05
2.0474e-05
2.26108e-05
2.47475e-05
2.68843e-05
2.9021e-05
3.11578e-05
3.32945e-05
3.54313e-05
3.7568e-05
3.97048e-05
4.18415e-05
4.39783e-05
4.6115e-05
4.82518e-05
5.03885e-05
5.25253e-05
5.46621e-05
5.67988e-05
5.89356e-05
6.10723e-05
6.32091e-05
6.53458e-05
6.74826e-05
6.96193e-05
7.17561e-05
7.38928e-05
7.60296e-05
7.81663e-05
8.03031e-05
8.24398e-05
8.45766e-05
8.67133e-05
8.88501e-05
9.09868e-05
9.31236e-05
9.52603e-05
9.73971e-05
9.95338e-05
0.000101671
0.000103807
0.000105944
0.000108081
0.000110218
0.000112354
0.000114491
0.000116628
0.000118765
0.000120901
0.000123038
0.000125175
0.000127312
0.000129448
0.000131585
0.000133722
0.000135859
0.000137995
0.000140132
0.000142269
0.000144406
0.000146542
0.000148679
0.000150816
0.000152953
0.000155089
0.000157226
0.000159363
0.0001615
0.000163636
0.000165773
0.00016791
0.000170047
0.000172183
0.00017432
0.000176457
0.000178594
0.00018073
0.000182867
0.000185004
0.000187141
0.000189277
0.000191414
0.000193551
0.000195688
0.000197824
0.000199961
0.000202098
0.000204235
0.000206371
0.000208508
0.000210645
0.000212782
0.000214918
0.000217055
0.000219192
0.000221329
0.000223465
0.000225602
0.000227739
0.000229876
0.000232012
0.000234149
0.000236286
0.000238423
0.000240559
0.000242696
0.000244833
0.00024697
0.000249106
0.000251243
0.00025338
0.000255517
0.000257654
0.00025979
0.000261927
0.000264064
0.000266201
0.000268337
0.000270474
0.000272611
0.000274748
0.000276884
0.000279021
0.000281158
0.000283295
0.000285431
0.000287568
0.000289705
0.000291842
0.000293978
0.000296115
0.000298252
0.000300389
0.000302525
0.000304662
0.000306799
0.000308936
0.000311072
0.000313209
0.000315346
0.000317483
0.000319619
0.000321756
0.000323893
0.00032603
0.000328166
0.000330303
0.00033244
0.000334577
0.000336713
0.00033885
0.000340987
0.000343124
0.00034526
0.000347397
0.000349534
0.000351671
0.000353807
0.000355944
0.000358081
0.000360218
0.000362354
0.000364491
0.000366628
0.000368765
0.000370901
0.000373038
0.000375175
0.000377312
0.000379448
0.000381585
0.000383722
0.000385859
0.000387995
0.000390132
0.000392269
0.000394406
0.000396542
0.000398679
0.000400816
0.000402953
0.000405089
0.000407226
0.000409363
0.0004115
0.000413636
0.000415773
0.00041791
0.000420047
0.000422183
0.00042432
0.000426457
0.000428594
0.00043073
0.000432867
0.000435004
0.000437141
0.000439277
0.000441414
0.000443551
0.000445688
0.000447824
0.000449961
0.000452098
0.000454235
0.000456371
0.000458508
0.000460645
0.000462782
0.000464918
0.000467055
0.000469192
0.000471329
0.000473465
0.000475602
0.000477739
0.000479876
0.000482012
0.000484149
0.000486286
0.000488423
0.000490559
0.000492696
0.000494833
0.00049697
0.000499106
0.000501243
0.00050338
0.000505517
0.000507654
0.00050979
0.000511927
0.000514064
0.000516201
0.000518337
0.000520474
0.000522611
0.000524748
0.000526884
0.000529021
0.000531158
0.000533295
0.000535431
0.000537568
0.000539705
0.000541842
0.000543978
0.000546115
0.000548252
0.000550389
0.000552525
0.000554662
0.000556799
0.000558936
0.000561072
0.000563209
0.000565346
0.000567483
0.000569619
0.000571756
0.000573893
0.00057603
0.000578166
0.000580303
0.00058244
0.000584577
0.000586713
0.00058885
0.000590987
0.000593124
0.00059526
0.000597397
0.000599534
0.000601671
0.000603807
0.000605944
0.000608081
0.000610218
0.000612354
0.000614491
0.000616628
0.000618765
0.000620901
0.000623038
0.000625175
0.000627312
0.000629448
0.000631585
0.000633722
0.000635859
0.000637995
0.000640132
0.000642269
0.000644406
0.000646542
0.000648679
0.000650816
0.000652953
0.000655089
0.000657226
0.000659363
0.0006615
0.000663636
0.000665773
0.00066791
0.000670047
0.000672183
0.00067432
0.000676457
0.000678594
0.00068073
0.000682867
0.000685004
0.000687141
0.000689277
0.000691414
0.000693551
0.000695688
0.000697824
0.000699961
0.000702098
0.000704235
0.000706371
0.000708508
0.000710645
0.000712782
0.000714918
0.000717055
0.000719192
0.000721329
0.000723465
0.000725602
0.000727739
0.000729876
0.000732012
0.000734149
0.000736286
0.000738423
0.000740559
0.000742696
0.000744833
0.00074697
0.000749106
0.000751243
0.00075338
0.000755517
0.000757654
0.00075979
0.000761927
0.000764064
0.000766201
0.000768337
0.000770474
0.000772611
0.000774748
0.000776884
0.000779021
0.000781158
0.000783295
0.000785431
0.000787568
0.000789705
0.000791842
0.000793978
0.000796115
0.000798252
0.000800389
0.000802525
0.000804662
0.000806799
0.000808936
0.000811072
0.000813209
0.000815346
0.000817483
0.000819619
0.000821756
0.000823893
0.00082603
0.000828166
0.000830303
0.00083244
0.000834577
0.000836713
0.00083885
0.000840987
0.000843124
0.00084526
0.000847397
0.000849534
0.000851671
0.000853807
0.000855944
0.000858081
0.000860218
0.000862354
0.000864491
0.000866628
0.000868765
0.000870901
0.000873038
0.000875175
0.000877312
0.000879448
0.000881585
0.000883722
0.000885859
0.000887995
0.000890132
0.000892269
0.000894406
0.000896542
0.000898679
0.000900816
0.000902953
0.000905089
0.000907226
0.000909363
0.0009115
0.000913636
0.000915773
0.00091791
0.000920047
0.000922183
0.00092432
0.000926457
0.000928594
0.00093073
0.000932867
0.000935004
0.000937141
0.000939277
0.000941414
0.000943551
0.000945688
0.000947824
0.000949961
0.000952098
0.000954235
0.000956371
0.000958508
0.000960645
0.000962782
0.000964918
0.000967055
0.000969192
0.000971329
0.000973465
0.000975602
0.000977739
0.000979876
0.000982012
0.000984149
0.000986286
0.000988423
0.000990559
0.000992696
0.000994833
0.00099697
0.000999106
0.00100124
0.00100338
0.00100552
0.00100765
0.00100979
0.00101193
0.00101406
0.0010162
0.00101834
0.00102047
0.00102261
0.00102475
0.00102688
0.00102902
0.00103116
0.00103329
0.00103543
0.00103757
0.0010397
0.00104184
0.00104398
0.00104612
0.00104825
0.00105039
0.00105253
0.00105466
0.0010568
0.00105894
0.00106107
0.00106321
0.00106535
0.00106748
0.00106962
0.00107176
0.00107389
0.00107603
0.00107817
0.0010803
0.00108244
0.00108458
0.00108671
0.00108885
0.00109099
0.00109312
0.00109526
0.0010974
0.00109953
0.00110167
0.00110381
0.00110594
0.00110808
0.00111022
0.00111235
0.00111449
0.00111663
0.00111876
0.0011209
0.00112304
0.00112517
0.00112731
0.00112945
0.00113159
0.00113372
0.00113586
0.001138
0.00114013
0.00114227
0.00114441
0.00114654
0.00114868
0.00115082
0.00115295
0.00115509
0.00115723
0.00115936
0.0011615
0.00116364
0.00116577
0.00116791
0.00117005
0.00117218
0.00117432
0.00117646
0.00117859
0.00118073
0.00118287
0.001185
0.00118714
0.00118928
0.00119141
0.00119355
0.00119569
0.00119782
0.00119996
0.0012021
0.00120423
0.00120637
0.00120851
0.00121064
0.00121278
0.00121492
0.00121706
0.00121919
0.00122133
0.00122347
0.0012256
0.00122774
0.00122988
0.00123201
0.00123415
0.00123629
0.00123842
0.00124056
0.0012427
0.00124483
0.00124697
0.00124911
0.00125124
0.00125338
0.00125552
0.00125765
0.00125979
0.00126193
0.00126406
0.0012662
0.00126834
0.00127047
0.00127261
0.00127475
0.00127688
0.00127902
0.00128116
0.00128329
0.00128543
0.00128757
0.0012897
0.00129184
0.00129398
0.00129612
0.00129825
0.00130039
0.00130253
0.00130466
0.0013068
0.00130894
0.00131107
0.00131321
0.00131535
0.00131748
0.00131962
0.00132176
0.00132389
0.00132603
0.00132817
0.0013303
0.00133244
0.00133458
0.00133671
0.00133885
0.00134099
0.00134312
0.00134526
0.0013474
0.00134953
0.00135167
0.00135381
0.00135594
0.00135808
0.00136022
0.00136235
0.00136449
0.00136663
0.00136876
0.0013709
0.00137304
0.00137517
0.00137731
0.00137945
0.00138159
0.00138372
0.00138586
0.001388
0.00139013
0.00139227
0.00139441
0.00139654
0.00139868
0.00140082
0.00140295
0.00140509
0.00140723
0.00140936
0.0014115
0.00141364
0.00141577
0.00141791
0.00142005
0.00142218
0.00142432
0.00142646
0.00142859
0.00143073
0.00143287
0.001435
0.00143714
0.00143928
0.00144141
0.00144355
0.00144569
0.00144782
0.00144996
0.0014521
0.00145423
0.00145637
0.00145851
0.00146064
0.00146278
0.00146492
0.00146706
0.00146919
0.00147133
0.00147347
0.0014756
0.00147774
0.00147988
0.00148201
0.00148415
0.00148629
0.00148842
0.00149056
0.0014927
0.00149483
0.00149697
0.00149911
0.00150124
0.00150338
0.00150552
0.00150765
0.00150979
0.00151193
0.00151406
0.0015162
0.00151834
0.00152047
0.00152261
0.00152475
0.00152688
0.00152902
0.00153116
0.00153329
0.00153543
0.00153757
0.0015397
0.00154184
0.00154398
0.00154612
0.00154825
0.00155039
0.00155253
0.00155466
0.0015568
0.00155894
0.00156107
0.00156321
0.00156535
0.00156748
0.00156962
0.00157176
0.00157389
0.00157603
0.00157817
0.0015803
0.00158244
0.00158458
0.00158671
0.00158885
0.00159099
0.00159312
0.00159526
0.0015974
0.00159953
0.00160167
0.00160381
0.00160594
0.00160808
0.00161022
0.00161235
0.00161449
0.00161663
0.00161876
0.0016209
0.00162304
0.00162517
0.00162731
0.00162945
0.00163159
0.00163372
0.00163586
0.001638
0.00164013
0.00164227
0.00164441
0.00164654
0.00164868
0.00165082
0.00165295
0.00165509
0.00165723
0.00165936
0.0016615
0.00166364
0.00166577
0.00166791
0.00167005
0.00167218
0.00167432
0.00167646
0.00167859
0.00168073
0.00168287
0.001685
0.00168714
0.00168928
0.00169141
0.00169355
0.00169569
0.00169782
0.00169996
0.0017021
0.00170423
0.00170637
0.00170851
0.00171064
0.00171278
0.00171492
0.00171706
0.00171919
0.00172133
0.00172347
0.0017256
0.00172774
0.00172988
0.00173201
0.00173415
0.00173629
0.00173842
0.00174056
0.0017427
0.00174483
0.00174697
0.00174911
0.00175124
0.00175338
0.00175552
0.00175765
0.00175979
0.00176193
0.00176406
0.0017662
0.00176834
0.00177047
0.00177261
0.00177475
0.00177688
0.00177902
0.00178116
0.00178329
0.00178543
0.00178757
0.0017897
0.00179184
0.00179398
0.00179612
0.00179825
0.00180039
0.00180253
0.00180466
0.0018068
0.00180894
0.00181107
0.00181321
0.00181535
0.00181748
0.00181962
0.00182176
0.00182389
0.00182603
0.00182817
0.0018303
0.00183244
0.00183458
0.00183671
0.00183885
0.00184099
0.00184312
0.00184526
0.0018474
0.00184953
0.00185167
0.00185381
0.00185594
0.00185808
0.00186022
0.00186235
0.00186449
0.00186663
0.00186876
0.0018709
0.00187304
0.00187517
0.00187731
0.00187945
0.00188159
0.00188372
0.00188586
0.001888
0.00189013
0.00189227
0.00189441
0.00189654
0.00189868
0.00190082
0.00190295
0.00190509
0.00190723
0.00190936
0.0019115
0.00191364
0.00191577
0.00191791
0.00192005
0.00192218
0.00192432
0.00192646
0.00192859
0.00193073
0.00193287
0.001935
0.00193714
0.00193928
0.00194141
0.00194355
0.00194569
0.00194782
0.00194996
0.0019521
0.00195423
0.00195637
0.00195851
0.00196064
0.00196278
0.00196492
0.00196706
0.00196919
0.00197133
0.00197347
0.0019756
0.00197774
0.00197988
0.00198201
0.00198415
0.00198629
0.00198842
0.00199056
0.0019927
0.00199483
0.00199697
0.00199911
0.00200124
0.00200338
0.00200552
0.00200765
0.00200979
0.00201193
0.00201406
0.0020162
0.00201834
0.00202047
0.00202261
0.00202475
0.00202688
0.00202902
0.00203116
0.00203329
0.00203543
0.00203757
0.0020397
0.00204184
0.00204398
0.00204612
0.00204825
0.00205039
0.00205253
0.00205466
0.0020568
0.00205894
0.00206107
0.00206321
0.00206535
0.00206748
0.00206962
0.00207176
0.00207389
0.00207603
0.00207817
0.0020803
0.00208244
0.00208458
0.00208671
0.00208885
0.00209099
0.00209312
0.00209526
0.0020974
0.00209953
0.00210167
0.00210381
0.00210594
0.00210808
0.00211022
0.00211235
0.00211449
0.00211663
0.00211876
0.0021209
0.00212304
0.00212517
0.00212731
0.00212945
0.00213159
0.00213372
0.00213586
0.002138
0.00214013
0.00214227
0.00214441
0.00214654
0.00214868
0.00215082
0.00215295
0.00215509
0.00215723
0.00215936
0.0021615
0.00216364
0.00216577
0.00216791
0.00217005
0.00217218
0.00217432
0.00217646
0.00217859
0.00218073
0.00218287
0.002185
0.00218714
0.00218928
0.00219141
0.00219355
0.00219569
0.00219782
0.00219996
0.0022021
0.00220423
0.00220637
0.00220851
0.00221064
0.00221278
0.00221492
0.00221706
0.00221919
0.00222133
0.00222347
0.0022256
0.00222774
0.00222988
0.00223201
0.00223415
0.00223629
0.00223842
0.00224056
0.0022427
0.00224483
0.00224697
0.00224911
0.00225124
0.00225338
0.00225552
0.00225765
0.00225979
0.00226193
0.00226406
0.0022662
0.00226834
0.00227047
0.00227261
0.00227475
0.00227688
0.00227902
0.00228116
0.00228329
0.00228543
0.00228757
0.0022897
0.00229184
0.00229398
0.00229612
0.00229825
0.00230039
0.00230253
0.00230466
0.0023068
0.00230894
0.00231107
0.00231321
0.00231535
0.00231748
0.00231962
0.00232176
0.00232389
0.00232603
0.00232817
0.0023303
0.00233244
0.00233458
0.00233671
0.00233885
0.00234099
0.00234312
0.00234526
0.0023474
0.00234953
0.00235167
0.00235381
0.00235594
0.00235808
0.00236022
0.00236235
0.00236449
0.00236663
0.00236876
0.0023709
0.00237304
0.00237517
0.00237731
0.00237945
0.00238159
0.00238372
0.00238586
0.002388
0.00239013
0.00239227
0.00239441
0.00239654
0.00239868
0.00240082
0.00240295
0.00240509
0.00240723
0.00240936
0.0024115
0.00241364
0.00241577
0.00241791
0.00242005
0.00242218
0.00242432
0.00242646
0.00242859
0.00243073
0.00243287
0.002435
0.00243714
0.00243928
0.00244141
0.00244355
0.00244569
0.00244782
0.00244996
0.0024521
0.00245423
0.00245637
0.00245851
0.00246064
0.00246278
0.00246492
0.00246706
0.00246919
0.00247133
0.00247347
0.0024756
0.00247774
0.00247988
0.00248201
0.00248415
0.00248629
0.00248842
0.00249056
0.0024927
0.00249483
0.00249697
0.00249911
0.00250124
0.00250338
0.00250552
0.00250765
0.00250979
0.00251193
0.00251406
0.0025162
0.00251834
0.00252047
0.00252261
0.00252475
0.00252688
0.00252902
0.00253116
0.00253329
0.00253543
0.00253757
0.0025397
0.00254184
0.00254398
0.00254612
0.00254825
0.00255039
0.00255253
0.00255466
0.0025568
0.00255894
0.00256107
0.00256321
0.00256535
0.00256748
0.00256962
0.00257176
0.00257389
0.00257603
0.00257817
0.0025803
0.00258244
0.00258458
0.00258671
0.00258885
0.00259099
0.00259312
0.00259526
0.0025974
0.00259953
0.00260167
0.00260381
0.00260594
0.00260808
0.00261022
0.00261235
0.00261449
0.00261663
0.00261876
0.0026209
0.00262304
0.00262517
0.00262731
0.00262945
0.00263159
0.00263372
0.00263586
0.002638
0.00264013
0.00264227
0.00264441
0.00264654
0.00264868
0.00265082
0.00265295
0.00265509
0.00265723
0.00265936
0.0026615
0.00266364
0.00266577
0.00266791
0.00267005
0.00267218
0.00267432
0.00267646
0.00267859
0.00268073
0.00268287
0.002685
0.00268714
0.00268928
0.00269141
0.00269355
0.00269569
0.00269782
0.00269996
0.0027021
0.00270423
0.00270637
0.00270851
0.00271064
0.00271278
0.00271492
0.00271706
0.00271919
0.00272133
0.00272347
0.0027256
0.00272774
0.00272988
0.00273201
0.00273415
0.00273629
0.00273842
0.00274056
0.0027427
0.00274483
0.00274697
0.00274911
0.00275124
0.00275338
0.00275552
0.00275765
0.00275979
0.00276193
0.00276406
0.0027662
0.00276834
0.00277047
0.00277261
0.00277475
0.00277688
0.00277902
0.00278116
0.00278329
0.00278543
0.00278757
0.0027897
0.00279184
0.00279398
0.00279612
0.00279825
0.00280039
0.00280253
0.00280466
0.0028068
0.00280894
0.00281107
0.00281321
0.00281535
0.00281748
0.00281962
0.00282176
0.00282389
0.00282603
0.00282817
0.0028303
0.00283244
0.00283458
0.00283671
0.00283885
0.00284099
0.00284312
0.00284526
0.0028474
0.00284953
0.00285167
0.00285381
0.00285594
0.00285808
0.00286022
0.00286235
0.00286449
0.00286663
0.00286876
0.0028709
0.00287304
0.00287517
0.00287731
0.00287945
0.00288159
0.00288372
0.00288586
0.002888
0.00289013
0.00289227
0.00289441
0.00289654
0.00289868
0.00290082
0.00290295
0.00290509
0.00290723
0.00290936
0.0029115
0.00291364
0.00291577
0.00291791
0.00292005
0.00292218
0.00292432
0.00292646
0.00292859
0.00293073
0.00293287
0.002935
0.00293714
0.00293928
0.00294141
0.00294355
0.00294569
0.00294782
0.00294996
0.0029521
0.00295423
0.00295637
0.00295851
0.00296064
0.00296278
0.00296492
0.00296706
0.00296919
0.00297133
0.00297347
0.0029756
0.00297774
0.00297988
0.00298201
0.00298415
0.00298629
0.00298842
0.00299056
0.0029927
0.00299483
0.00299697
0.00299911
0.00300124
0.00300338
0.00300552
0.00300765
0.00300979
0.00301193
0.00301406
0.0030162
0.00301834
0.00302047
0.00302261
0.00302475
0.00302688
0.00302902
0.00303116
0.00303329
0.00303543
0.00303757
0.0030397
0.00304184
0.00304398
0.00304612
0.00304825
0.00305039
0.00305253
0.00305466
0.0030568
0.00305894
0.00306107
0.00306321
0.00306535
0.00306748
0.00306962
0.00307176
0.00307389
0.00307603
0.00307817
0.0030803
0.00308244
0.00308458
0.00308671
0.00308885
0.00309099
0.00309312
0.00309526
0.0030974
0.00309953
0.00310167
0.00310381
0.00310594
0.00310808
0.00311022
0.00311235
0.00311449
0.00311663
0.00311876
0.0031209
0.00312304
0.00312517
0.00312731
0.00312945
0.00313159
0.00313372
0.00313586
0.003138
0.00314013
0.00314227
0.00314441
0.00314654
0.00314868
0.00315082
0.00315295
0.00315509
0.00315723
0.00315936
0.0031615
0.00316364
0.00316577
0.00316791
0.00317005
0.00317218
0.00317432
0.00317646
0.00317859
0.00318073
0.00318287
0.003185
0.00318714
0.00318928
0.00319141
0.00319355
0.00319569
0.00319782
0.00319996
0.0032021
0.00320423
0.00320637
0.00320851
0.00321064
0.00321278
0.00321492
0.00321706
0.00321919
0.00322133
0.00322347
0.0032256
0.00322774
0.00322988
0.00323201
0.00323415
0.00323629
0.00323842
0.00324056
0.0032427
0.00324483
0.00324697
0.00324911
0.00325124
0.00325338
0.00325552
0.00325765
0.00325979
0.00326193
0.00326406
0.0032662
0.00326834
0.00327047
0.00327261
0.00327475
0.00327688
0.00327902
0.00328116
0.00328329
0.00328543
0.00328757
0.0032897
0.00329184
0.00329398
0.00329612
0.00329825
0.00330039
0.00330253
0.00330466
0.0033068
0.00330894
0.00331107
0.00331321
0.00331535
0.00331748
0.00331962
0.00332176
0.00332389
0.00332603
0.00332817
0.0033303
0.00333244
0.00333458
0.00333671
0.00333885
0.00334099
0.00334312
0.00334526
0.0033474
0.00334953
0.00335167
0.00335381
0.00335594
0.00335808
0.00336022
0.00336235
0.00336449
0.00336663
0.00336876
0.0033709
0.00337304
0.00337517
0.00337731
0.00337945
0.00338159
0.00338372
0.00338586
0.003388
0.00339013
0.00339227
0.00339441
0.00339654
0.00339868
0.00340082
0.00340295
0.00340509
0.00340723
0.00340936
0.0034115
0.00341364
0.00341577
0.00341791
0.00342005
0.00342218
0.00342432
0.00342646
0.00342859
0.00343073
0.00343287
0.003435
0.00343714
0.00343928
0.00344141
0.00344355
0.00344569
0.00344782
0.00344996
0.0034521
0.00345423
0.00345637
0.00345851
0.00346064
0.00346278
0.00346492
0.00346706
0.00346919
0.00347133
0.00347347
0.0034756
0.00347774
0.00347988
0.00348201
0.00348415
0.00348629
0.00348842
0.00349056
0.0034927
0.00349483
0.00349697
0.00349911
0.00350124
0.00350338
0.00350552
0.00350765
0.00350979
0.00351193
0.00351406
0.0035162
0.00351834
0.00352047
0.00352261
0.00352475
0.00352688
0.00352902
0.00353116
0.00353329
0.00353543
0.00353757
0.0035397
0.00354184
0.00354398
0.00354612
0.00354825
0.00355039
0.00355253
0.00355466
0.0035568
0.00355894
0.00356107
0.00356321
0.00356535
0.00356748
0.00356962
0.00357176
0.00357389
0.00357603
0.00357817
0.0035803
0.00358244
0.00358458
0.00358671
0.00358885
0.00359099
0.00359312
0.00359526
0.0035974
0.00359953
0.00360167
0.00360381
0.00360594
0.00360808
0.00361022
0.00361235
0.00361449
0.00361663
0.00361876
0.0036209
0.00362304
0.00362517
0.00362731
0.00362945
0.00363159
0.00363372
0.00363586
0.003638
0.00364013
0.00364227
0.00364441
0.00364654
0.00364868
0.00365082
0.00365295
0.00365509
0.00365723
0.00365936
0.0036615
0.00366364
0.00366577
0.00366791
0.00367005
0.00367218
0.00367432
0.00367646
0.00367859
0.00368073
0.00368287
0.003685
0.00368714
0.00368928
0.00369141
0.00369355
0.00369569
0.00369782
0.00369996
0.0037021
0.00370423
0.00370637
0.00370851
0.00371064
0.00371278
0.00371492
0.00371706
0.00371919
0.00372133
0.00372347
0.0037256
0.00372774
0.00372988
0.00373201
0.00373415
0.00373629
0.00373842
0.00374056
0.0037427
0.00374483
0.00374697
0.00374911
0.00375124
0.00375338
0.00375552
0.00375765
0.00375979
0.00376193
0.00376406
0.0037662
0.00376834
0.00377047
0.00377261
0.00377475
0.00377688
0.00377902
0.00378116
0.00378329
0.00378543
0.00378757
0.0037897
0.00379184
0.00379398
0.00379612
0.00379825
0.00380039
0.00380253
0.00380466
0.0038068
0.00380894
0.00381107
0.00381321
0.00381535
0.00381748
0.00381962
0.00382176
0.00382389
0.00382603
0.00382817
0.0038303
0.00383244
0.00383458
0.00383671
0.00383885
0.00384099
0.00384312
0.00384526
0.0038474
0.00384953
0.00385167
0.00385381
0.00385594
0.00385808
0.00386022
0.00386235
0.00386449
0.00386663
0.00386876
0.0038709
0.00387304
0.00387517
0.00387731
0.00387945
0.00388159
0.00388372
0.00388586
0.003888
0.00389013
0.00389227
0.00389441
0.00389654
0.00389868
0.00390082
0.00390295
0.00390509
0.00390723
0.00390936
0.0039115
0.00391364
0.00391577
0.00391791
0.00392005
0.00392218
0.00392432
0.00392646
0.00392859
0.00393073
0.00393287
0.003935
0.00393714
0.00393928
0.00394141
0.00394355
0.00394569
0.00394782
0.00394996
0.0039521
0.00395423
0.00395637
0.00395851
0.00396064
0.00396278
0.00396492
0.00396706
0.00396919
0.00397133
0.00397347
0.0039756
0.00397774
0.00397988
0.00398201
0.00398415
0.00398629
0.00398842
0.00399056
0.0039927
0.00399483
0.00399697
0.00399911
0.00400124
0.00400338
0.00400552
0.00400765
0.00400979
0.00401193
0.00401406
0.0040162
0.00401834
0.00402047
0.00402261
0.00402475
0.00402688
0.00402902
0.00403116
0.00403329
0.00403543
0.00403757
0.0040397
0.00404184
0.00404398
0.00404612
0.00404825
0.00405039
0.00405253
0.00405466
0.0040568
0.00405894
0.00406107
0.00406321
0.00406535
0.00406748
0.00406962
0.00407176
0.00407389
0.00407603
0.00407817
0.0040803
0.00408244
0.00408458
0.00408671
0.00408885
0.00409099
0.00409312
0.00409526
0.0040974
0.00409953
0.00410167
0.00410381
0.00410594
0.00410808
0.00411022
0.00411235
0.00411449
0.00411663
0.00411876
0.0041209
0.00412304
0.00412517
0.00412731
0.00412945
0.00413159
0.00413372
0.00413586
0.004138
0.00414013
0.00414227
0.00414441
0.00414654
0.00414868
0.00415082
0.00415295
0.00415509
0.00415723
0.00415936
0.0041615
0.00416364
0.00416577
0.00416791
0.00417005
0.00417218
0.00417432
0.00417646
0.00417859
0.00418073
0.00418287
0.004185
0.00418714
0.00418928
0.00419141
0.00419355
0.00419569
0.00419782
0.00419996
0.0042021
0.00420423
0.00420637
0.00420851
0.00421064
0.00421278
0.00421492
0.00421706
0.00421919
0.00422133
0.00422347
0.0042256
0.00422774
0.00422988
0.00423201
0.00423415
0.00423629
0.00423842
0.00424056
0.0042427
0.00424483
0.00424697
0.00424911
0.00425124
0.00425338
0.00425552
0.00425765
0.00425979
0.00426193
0.00426406
0.0042662
0.00426834
0.00427047
0.00427261
0.00427475
0.00427688
0.00427902
0.00428116
0.00428329
0.00428543
0.00428757
0.0042897
0.00429184
0.00429398
0.00429612
0.00429825
0.00430039
0.00430253
0.00430466
0.0043068
0.00430894
0.00431107
0.00431321
0.00431535
0.00431748
0.00431962
0.00432176
0.00432389
0.00432603
0.00432817
0.0043303
0.00433244
0.00433458
0.00433671
0.00433885
0.00434099
0.00434312
0.00434526
0.0043474
0.00434953
0.00435167
0.00435381
0.00435594
0.00435808
0.00436022
0.00436235
0.00436449
0.00436663
0.00436876
0.0043709
0.00437304
0.00437517
0.00437731
0.00437945
0.00438159
0.00438372
0.00438586
0.004388
0.00439013
0.00439227
0.00439441
0.00439654
0.00439868
0.00440082
0.00440295
0.00440509
0.00440723
0.00440936
0.0044115
0.00441364
0.00441577
0.00441791
0.00442005
0.00442218
0.00442432
0.00442646
0.00442859
0.00443073
0.00443287
0.004435
0.00443714
0.00443928
0.00444141
0.00444355
0.00444569
0.00444782
0.00444996
0.0044521
0.00445423
0.00445637
0.00445851
0.00446064
0.00446278
0.00446492
0.00446706
0.00446919
0.00447133
0.00447347
0.0044756
0.00447774
0.00447988
0.00448201
0.00448415
0.00448629
0.00448842
0.00449056
0.0044927
0.00449483
0.00449697
0.00449911
0.00450124
0.00450338
0.00450552
0.00450765
0.00450979
0.00451193
0.00451406
0.0045162
0.00451834
0.00452047
0.00452261
0.00452475
0.00452688
0.00452902
0.00453116
0.00453329
0.00453543
0.00453757
0.0045397
0.00454184
0.00454398
0.00454612
0.00454825
0.00455039
0.00455253
0.00455466
0.0045568
0.00455894
0.00456107
0.00456321
0.00456535
0.00456748
0.00456962
0.00457176
0.00457389
0.00457603
0.00457817
0.0045803
0.00458244
0.00458458
0.00458671
0.00458885
0.00459099
0.00459312
0.00459526
0.0045974
0.00459953
0.00460167
0.00460381
0.00460594
0.00460808
0.00461022
0.00461235
0.00461449
0.00461663
0.00461876
0.0046209
0.00462304
0.00462517
0.00462731
0.00462945
0.00463159
0.00463372
0.00463586
0.004638
0.00464013
0.00464227
0.00464441
0.00464654
0.00464868
0.00465082
0.00465295
0.00465509
0.00465723
0.00465936
0.0046615
0.00466364
0.00466577
0.00466791
0.00467005
0.00467218
0.00467432
0.00467646
0.00467859
0.00468073
0.00468287
0.004685
0.00468714
0.00468928
0.00469141
0.00469355
0.00469569
0.00469782
0.00469996
0.0047021
0.00470423
0.00470637
0.00470851
0.00471064
0.00471278
0.00471492
0.00471706
0.00471919
0.00472133
0.00472347
0.0047256
0.00472774
0.00472988
0.00473201
0.00473415
0.00473629
0.00473842
0.00474056
0.0047427
0.00474483
0.00474697
0.00474911
0.00475124
0.00475338
0.00475552
0.00475765
0.00475979
0.00476193
0.00476406
0.0047662
0.00476834
0.00477047
0.00477261
0.00477475
0.00477688
0.00477902
0.00478116
0.00478329
0.00478543
0.00478757
0.0047897
0.00479184
0.00479398
0.00479612
0.00479825
0.00480039
0.00480253
0.00480466
0.0048068
0.00480894
0.00481107
0.00481321
0.00481535
0.00481748
0.00481962
0.00482176
0.00482389
0.00482603
0.00482817
0.0048303
0.00483244
0.00483458
0.00483671
0.00483885
0.00484099
0.00484312
0.00484526
0.0048474
0.00484953
0.00485167
0.00485381
0.00485594
0.00485808
0.00486022
0.00486235
0.00486449
0.00486663
0.00486876
0.0048709
0.00487304
0.00487517
0.00487731
0.00487945
0.00488159
0.00488372
0.00488586
0.004888
0.00489013
0.00489227
0.00489441
0.00489654
0.00489868
0.00490082
0.00490295
0.00490509
0.00490723
0.00490936
0.0049115
0.00491364
0.00491577
0.00491791
0.00492005
0.00492218
0.00492432
0.00492646
0.00492859
0.00493073
0.00493287
0.004935
0.00493714
0.00493928
0.00494141
0.00494355
0.00494569
0.00494782
0.00494996
0.0049521
0.00495423
0.00495637
0.00495851
0.00496064
0.00496278
0.00496492
0.00496706
0.00496919
0.00497133
0.00497347
0.0049756
0.00497774
0.00497988
0.00498201
0.00498415
0.00498629
0.00498842
0.00499056
0.0049927
0.00499483
0.00499697
0.00499911
0.00500124
0.00500338
0.00500552
0.00500765
0.00500979
0.00501193
0.00501406
0.0050162
0.00501834
0.00502047
0.00502261
0.00502475
0.00502688
0.00502902
0.00503116
0.00503329
0.00503543
0.00503757
0.0050397
0.00504184
0.00504398
0.00504612
0.00504825
0.00505039
0.00505253
0.00505466
0.0050568
0.00505894
0.00506107
0.00506321
0.00506535
0.00506748
0.00506962
0.00507176
0.00507389
0.00507603
0.00507817
0.0050803
0.00508244
0.00508458
0.00508671
0.00508885
0.00509099
0.00509312
0.00509526
0.0050974
0.00509953
0.00510167
0.00510381
0.00510594
0.00510808
0.00511022
0.00511235
0.00511449
0.00511663
0.00511876
0.0051209
0.00512304
0.00512517
0.00512731
0.00512945
0.00513159
0.00513372
0.00513586
0.005138
0.00514013
0.00514227
0.00514441
0.00514654
0.00514868
0.00515082
0.00515295
0.00515509
0.00515723
0.00515936
0.0051615
0.00516364
0.00516577
0.00516791
0.00517005
0.00517218
0.00517432
0.00517646
0.00517859
0.00518073
0.00518287
0.005185
0.00518714
0.00518928
0.00519141
0.00519355
0.00519569
0.00519782
0.00519996
0.0052021
0.00520423
0.00520637
0.00520851
0.00521064
0.00521278
0.00521492
0.00521706
0.00521919
0.00522133
0.00522347
0.0052256
0.00522774
0.00522988
0.00523201
0.00523415
0.00523629
0.00523842
0.00524056
0.0052427
0.00524483
0.00524697
0.00524911
0.00525124
0.00525338
0.00525552
0.00525765
0.00525979
0.00526193
0.00526406
0.0052662
0.00526834
0.00527047
0.00527261
0.00527475
0.00527688
0.00527902
0.00528116
0.00528329
0.00528543
0.00528757
0.0052897
0.00529184
0.00529398
0.00529612
0.00529825
0.00530039
0.00530253
0.00530466
0.0053068
0.00530894
0.00531107
0.00531321
0.00531535
0.00531748
0.00531962
0.00532176
0.00532389
0.00532603
0.00532817
0.0053303
0.00533244
0.00533458
0.00533671
0.00533885
0.00534099
0.00534312
0.00534526
0.0053474
0.00534953
0.00535167
0.00535381
0.00535594
0.00535808
0.00536022
0.00536235
0.00536449
0.00536663
0.00536876
0.0053709
0.00537304
0.00537517
0.00537731
0.00537945
0.00538159
0.00538372
0.00538586
0.005388
0.00539013
0.00539227
0.00539441
0.00539654
0.00539868
0.00540082
0.00540295
0.00540509
0.00540723
0.00540936
0.0054115
0.00541364
0.00541577
0.00541791
0.00542005
0.00542218
0.00542432
0.00542646
0.00542859
0.00543073
0.00543287
0.005435
0.00543714
0.00543928
0.00544141
0.00544355
0.00544569
0.00544782
0.00544996
0.0054521
0.00545423
0.00545637
0.00545851
0.00546064
0.00546278
0.00546492
0.00546706
0.00546919
0.00547133
0.00547347
0.0054756
0.00547774
0.00547988
0.00548201
0.00548415
0.00548629
0.00548842
0.00549056
0.0054927
0.00549483
0.00549697
0.00549911
0.00550124
0.00550338
0.00550552
0.00550765
0.00550979
0.00551193
0.00551406
0.0055162
0.00551834
0.00552047
0.00552261
0.00552475
0.00552688
0.00552902
0.00553116
0.00553329
0.00553543
0.00553757
0.0055397
0.00554184
0.00554398
0.00554612
0.00554825
0.00555039
0.00555253
0.00555466
0.0055568
0.00555894
0.00556107
0.00556321
0.00556535
0.00556748
0.00556962
0.00557176
0.00557389
0.00557603
0.00557817
0.0055803
0.00558244
0.00558458
0.00558671
0.00558885
0.00559099
0.00559312
0.00559526
0.0055974
0.00559953
0.00560167
0.00560381
0.00560594
0.00560808
0.00561022
0.00561235
0.00561449
0.00561663
0.00561876
0.0056209
0.00562304
0.00562517
0.00562731
0.00562945
0.00563159
0.00563372
0.00563586
0.005638
0.00564013
0.00564227
0.00564441
0.00564654
0.00564868
0.00565082
0.00565295
0.00565509
0.00565723
0.00565936
0.0056615
0.00566364
0.00566577
0.00566791
0.00567005
0.00567218
0.00567432
0.00567646
0.00567859
0.00568073
0.00568287
0.005685
0.00568714
0.00568928
0.00569141
0.00569355
0.00569569
0.00569782
0.00569996
0.0057021
0.00570423
0.00570637
0.00570851
0.00571064
0.00571278
0.00571492
0.00571706
0.00571919
0.00572133
0.00572347
0.0057256
0.00572774
0.00572988
0.00573201
0.00573415
0.00573629
0.00573842
0.00574056
0.0057427
0.00574483
0.00574697
0.00574911
0.00575124
0.00575338
0.00575552
0.00575765
0.00575979
0.00576193
0.00576406
0.0057662
0.00576834
0.00577047
0.00577261
0.00577475
0.00577688
0.00577902
0.00578116
0.00578329
0.00578543
0.00578757
0.0057897
0.00579184
0.00579398
0.00579612
0.00579825
0.00580039
0.00580253
0.00580466
0.0058068
0.00580894
0.00581107
0.00581321
0.00581535
0.00581748
0.00581962
0.00582176
0.00582389
0.00582603
0.00582817
0.0058303
0.00583244
0.00583458
0.00583671
0.00583885
0.00584099
0.00584312
0.00584526
0.0058474
0.00584953
0.00585167
0.00585381
0.00585594
0.00585808
0.00586022
0.00586235
0.00586449
0.00586663
0.00586876
0.0058709
0.00587304
0.00587517
0.00587731
0.00587945
0.00588159
0.00588372
0.00588586
0.005888
0.00589013
0.00589227
0.00589441
0.00589654
0.00589868
0.00590082
0.00590295
0.00590509
0.00590723
0.00590936
0.0059115
0.00591364
0.00591577
0.00591791
0.00592005
0.00592218
0.00592432
0.00592646
0.00592859
0.00593073
0.00593287
0.005935
0.00593714
0.00593928
0.00594141
0.00594355
0.00594569
0.00594782
0.00594996
0.0059521
0.00595423
0.00595637
0.00595851
0.00596064
0.00596278
0.00596492
0.00596706
0.00596919
0.00597133
0.00597347
0.0059756
0.00597774
0.00597988
0.00598201
0.00598415
0.00598629
0.00598842
0.00599056
0.0059927
0.00599483
0.00599697
0.00599911
0.00600124
0.00600338
0.00600552
0.00600765
0.00600979
0.00601193
0.00601406
0.0060162
0.00601834
0.00602047
0.00602261
0.00602475
0.00602688
0.00602902
0.00603116
0.00603329
0.00603543
0.00603757
0.0060397
0.00604184
0.00604398
0.00604612
0.00604825
0.00605039
0.00605253
0.00605466
0.0060568
0.00605894
0.00606107
0.00606321
0.00606535
0.00606748
0.00606962
0.00607176
0.00607389
0.00607603
0.00607817
0.0060803
0.00608244
0.00608458
0.00608671
0.00608885
0.00609099
0.00609312
0.00609526
0.0060974
0.00609953
0.00610167
0.00610381
0.00610594
0.00610808
0.00611022
0.00611235
0.00611449
0.00611663
0.00611876
0.0061209
0.00612304
0.00612517
0.00612731
0.00612945
0.00613159
0.00613372
0.00613586
0.006138
0.00614013
0.00614227
0.00614441
0.00614654
0.00614868
0.00615082
0.00615295
0.00615509
0.00615723
0.00615936
0.0061615
0.00616364
0.00616577
0.00616791
0.00617005
0.00617218
0.00617432
0.00617646
0.00617859
0.00618073
0.00618287
0.006185
0.00618714
0.00618928
0.00619141
0.00619355
0.00619569
0.00619782
0.00619996
0.0062021
0.00620423
0.00620637
0.00620851
0.00621064
0.00621278
0.00621492
0.00621706
0.00621919
0.00622133
0.00622347
0.0062256
0.00622774
0.00622988
0.00623201
0.00623415
0.00623629
0.00623842
0.00624056
0.0062427
0.00624483
0.00624697
0.00624911
0.00625124
0.00625338
0.00625552
0.00625765
0.00625979
0.00626193
0.00626406
0.0062662
0.00626834
0.00627047
0.00627261
0.00627475
0.00627688
0.00627902
0.00628116
0.00628329
0.00628543
0.00628757
0.0062897
0.00629184
0.00629398
0.00629612
0.00629825
0.00630039
0.00630253
0.00630466
0.0063068
0.00630894
0.00631107
0.00631321
0.00631535
0.00631748
0.00631962
0.00632176
0.00632389
0.00632603
0.00632817
0.0063303
0.00633244
0.00633458
0.00633671
0.00633885
0.00634099
0.00634312
0.00634526
0.0063474
0.00634953
0.00635167
0.00635381
0.00635594
0.00635808
0.00636022
0.00636235
0.00636449
0.00636663
0.00636876
0.0063709
0.00637304
0.00637517
0.00637731
0.00637945
0.00638159
0.00638372
0.00638586
0.006388
0.00639013
0.00639227
0.00639441
0.00639654
0.00639868
0.00640082
0.00640295
0.00640509
0.00640723
0.00640936
0.0064115
0.00641364
0.00641577
0.00641791
0.00642005
0.00642218
0.00642432
0.00642646
0.00642859
0.00643073
0.00643287
0.006435
0.00643714
0.00643928
0.00644141
0.00644355
0.00644569
0.00644782
0.00644996
0.0064521
0.00645423
0.00645637
0.00645851
0.00646064
0.00646278
0.00646492
0.00646706
0.00646919
0.00647133
0.00647347
0.0064756
0.00647774
0.00647988
0.00648201
0.00648415
0.00648629
0.00648842
0.00649056
0.0064927
0.00649483
0.00649697
0.00649911
0.00650124
0.00650338
0.00650552
0.00650765
0.00650979
0.00651193
0.00651406
0.0065162
0.00651834
0.00652047
0.00652261
0.00652475
0.00652688
0.00652902
0.00653116
0.00653329
0.00653543
0.00653757
0.0065397
0.00654184
0.00654398
0.00654612
0.00654825
0.00655039
0.00655253
0.00655466
0.0065568
0.00655894
0.00656107
0.00656321
0.00656535
0.00656748
0.00656962
0.00657176
0.00657389
0.00657603
0.00657817
0.0065803
0.00658244
0.00658458
0.00658671
0.00658885
0.00659099
0.00659312
0.00659526
0.0065974
0.00659953
0.00660167
0.00660381
0.00660594
0.00660808
0.00661022
0.00661235
0.00661449
0.00661663
0.00661876
0.0066209
0.00662304
0.00662517
0.00662731
0.00662945
0.00663159
0.00663372
0.00663586
0.006638
0.00664013
0.00664227
0.00664441
0.00664654
0.00664868
0.00665082
0.00665295
0.00665509
0.00665723
0.00665936
0.0066615
0.00666364
0.00666577
0.00666791
0.00667005
0.00667218
0.00667432
0.00667646
0.00667859
0.00668073
0.00668287
0.006685
0.00668714
0.00668928
0.00669141
0.00669355
0.00669569
0.00669782
0.00669996
0.0067021
0.00670423
0.00670637
0.00670851
0.00671064
0.00671278
0.00671492
0.00671706
0.00671919
0.00672133
0.00672347
0.0067256
0.00672774
0.00672988
0.00673201
0.00673415
0.00673629
0.00673842
0.00674056
0.0067427
0.00674483
0.00674697
0.00674911
0.00675124
0.00675338
0.00675552
0.00675765
0.00675979
0.00676193
0.00676406
0.0067662
0.00676834
0.00677047
0.00677261
0.00677475
0.00677688
0.00677902
0.00678116
0.00678329
0.00678543
0.00678757
0.0067897
0.00679184
0.00679398
0.00679612
0.00679825
0.00680039
0.00680253
0.00680466
0.0068068
0.00680894
0.00681107
0.00681321
0.00681535
0.00681748
0.00681962
0.00682176
0.00682389
0.00682603
0.00682817
0.0068303
0.00683244
0.00683458
0.00683671
0.00683885
0.00684099
0.00684312
0.00684526
0.0068474
0.00684953
0.00685167
0.00685381
0.00685594
0.00685808
0.00686022
0.00686235
0.00686449
0.00686663
0.00686876
0.0068709
0.00687304
0.00687517
0.00687731
0.00687945
0.00688159
0.00688372
0.00688586
0.006888
0.00689013
0.00689227
0.00689441
0.00689654
0.00689868
0.00690082
0.00690295
0.00690509
0.00690723
0.00690936
0.0069115
0.00691364
0.00691577
0.00691791
0.00692005
0.00692218
0.00692432
0.00692646
0.00692859
0.00693073
0.00693287
0.006935
0.00693714
0.00693928
0.00694141
0.00694355
0.00694569
0.00694782
0.00694996
0.0069521
0.00695423
0.00695637
0.00695851
0.00696064
0.00696278
0.00696492
0.00696706
0.00696919
0.00697133
0.00697347
0.0069756
0.00697774
0.00697988
0.00698201
0.00698415
0.00698629
0.00698842
0.00699056
0.0069927
0.00699483
0.00699697
0.00699911
0.00700124
0.00700338
0.00700552
0.00700765
0.00700979
0.00701193
0.00701406
0.0070162
0.00701834
0.00702047
0.00702261
0.00702475
0.00702688
0.00702902
0.00703116
0.00703329
0.00703543
0.00703757
0.0070397
0.00704184
0.00704398
0.00704612
0.00704825
0.00705039
0.00705253
0.00705466
0.0070568
0.00705894
0.00706107
0.00706321
0.00706535
0.00706748
0.00706962
0.00707176
0.00707389
0.00707603
0.00707817
0.0070803
0.00708244
0.00708458
0.00708671
0.00708885
0.00709099
0.00709312
0.00709526
0.0070974
0.00709953
0.00710167
0.00710381
0.00710594
0.00710808
0.00711022
0.00711235
0.00711449
0.00711663
0.00711876
0.0071209
0.00712304
0.00712517
0.00712731
0.00712945
0.00713159
0.00713372
0.00713586
0.007138
0.00714013
0.00714227
0.00714441
0.00714654
0.00714868
0.00715082
0.00715295
0.00715509
0.00715723
0.00715936
0.0071615
0.00716364
0.00716577
0.00716791
0.00717005
0.00717218
0.00717432
0.00717646
0.00717859
0.00718073
0.00718287
0.007185
0.00718714
0.00718928
0.00719141
0.00719355
0.00719569
0.00719782
0.00719996
0.0072021
0.00720423
0.00720637
0.00720851
0.00721064
0.00721278
0.00721492
0.00721706
0.00721919
0.00722133
0.00722347
0.0072256
0.00722774
0.00722988
0.00723201
0.00723415
0.00723629
0.00723842
0.00724056
0.0072427
0.00724483
0.00724697
0.00724911
0.00725124
0.00725338
0.00725552
0.00725765
0.00725979
0.00726193
0.00726406
0.0072662
0.00726834
0.00727047
0.00727261
0.00727475
0.00727688
0.00727902
0.00728116
0.00728329
0.00728543
0.00728757
0.0072897
0.00729184
0.00729398
0.00729612
0.00729825
0.00730039
0.00730253
0.00730466
0.0073068
0.00730894
0.00731107
0.00731321
0.00731535
0.00731748
0.00731962
0.00732176
0.00732389
0.00732603
0.00732817
0.0073303
0.00733244
0.00733458
0.00733671
0.00733885
0.00734099
0.00734312
0.00734526
0.0073474
0.00734953
0.00735167
0.00735381
0.00735594
0.00735808
0.00736022
0.00736235
0.00736449
0.00736663
0.00736876
0.0073709
0.00737304
0.00737517
0.00737731
0.00737945
0.00738159
0.00738372
0.00738586
0.007388
0.00739013
0.00739227
0.00739441
0.00739654
0.00739868
0.00740082
0.00740295
0.00740509
0.00740723
0.00740936
0.0074115
0.00741364
0.00741577
0.00741791
0.00742005
0.00742218
0.00742432
0.00742646
0.00742859
0.00743073
0.00743287
0.007435
0.00743714
0.00743928
0.00744141
0.00744355
0.00744569
0.00744782
0.00744996
0.0074521
0.00745423
0.00745637
0.00745851
0.00746064
0.00746278
0.00746492
0.00746706
0.00746919
0.00747133
0.00747347
0.0074756
0.00747774
0.00747988
0.00748201
0.00748415
0.00748629
0.00748842
0.00749056
0.0074927
0.00749483
0.00749697
0.00749911
0.00750124
0.00750338
0.00750552
0.00750765
0.00750979
0.00751193
0.00751406
0.0075162
0.00751834
0.00752047
0.00752261
0.00752475
0.00752688
0.00752902
0.00753116
0.00753329
0.00753543
0.00753757
0.0075397
0.00754184
0.00754398
0.00754612
0.00754825
0.00755039
0.00755253
0.00755466
0.0075568
0.00755894
0.00756107
0.00756321
0.00756535
0.00756748
0.00756962
0.00757176
0.00757389
0.00757603
0.00757817
0.0075803
0.00758244
0.00758458
0.00758671
0.00758885
0.00759099
0.00759312
0.00759526
0.0075974
0.00759953
0.00760167
0.00760381
0.00760594
0.00760808
0.00761022
0.00761235
0.00761449
0.00761663
0.00761876
0.0076209
0.00762304
0.00762517
0.00762731
0.00762945
0.00763159
0.00763372
0.00763586
0.007638
0.00764013
0.00764227
0.00764441
0.00764654
0.00764868
0.00765082
0.00765295
0.00765509
0.00765723
0.00765936
0.0076615
0.00766364
0.00766577
0.00766791
0.00767005
0.00767218
0.00767432
0.00767646
0.00767859
0.00768073
0.00768287
0.007685
0.00768714
0.00768928
0.00769141
0.00769355
0.00769569
0.00769782
0.00769996
0.0077021
0.00770423
0.00770637
0.00770851
0.00771064
0.00771278
0.00771492
0.00771706
0.00771919
0.00772133
0.00772347
0.0077256
0.00772774
0.00772988
0.00773201
0.00773415
0.00773629
0.00773842
0.00774056
0.0077427
0.00774483
0.00774697
0.00774911
0.00775124
0.00775338
0.00775552
0.00775765
0.00775979
0.00776193
0.00776406
0.0077662
0.00776834
0.00777047
0.00777261
0.00777475
0.00777688
0.00777902
0.00778116
0.00778329
0.00778543
0.00778757
0.0077897
0.00779184
0.00779398
0.00779612
0.00779825
0.00780039
0.00780253
0.00780466
0.0078068
0.00780894
0.00781107
0.00781321
0.00781535
0.00781748
0.00781962
0.00782176
0.00782389
0.00782603
0.00782817
0.0078303
0.00783244
0.00783458
0.00783671
0.00783885
0.00784099
0.00784312
0.00784526
0.0078474
0.00784953
0.00785167
0.00785381
0.00785594
0.00785808
0.00786022
0.00786235
0.00786449
0.00786663
0.00786876
0.0078709
0.00787304
0.00787517
0.00787731
0.00787945
0.00788159
0.00788372
0.00788586
0.007888
0.00789013
0.00789227
0.00789441
0.00789654
0.00789868
0.00790082
0.00790295
0.00790509
0.00790723
0.00790936
0.0079115
0.00791364
0.00791577
0.00791791
0.00792005
0.00792218
0.00792432
0.00792646
0.00792859
0.00793073
0.00793287
0.007935
0.00793714
0.00793928
0.00794141
0.00794355
0.00794569
0.00794782
0.00794996
0.0079521
0.00795423
0.00795637
0.00795851
0.00796064
0.00796278
0.00796492
0.00796706
0.00796919
0.00797133
0.00797347
0.0079756
0.00797774
0.00797988
0.00798201
0.00798415
0.00798629
0.00798842
0.00799056
0.0079927
0.00799483
0.00799697
0.00799911
0.00800124
0.00800338
0.00800552
0.00800765
0.00800979
0.00801193
0.00801406
0.0080162
0.00801834
0.00802047
0.00802261
0.00802475
0.00802688
0.00802902
0.00803116
0.00803329
0.00803543
0.00803757
0.0080397
0.00804184
0.00804398
0.00804612
0.00804825
0.00805039
0.00805253
0.00805466
0.0080568
0.00805894
0.00806107
0.00806321
0.00806535
0.00806748
0.00806962
0.00807176
0.00807389
0.00807603
0.00807817
0.0080803
0.00808244
0.00808458
0.00808671
0.00808885
0.00809099
0.00809312
0.00809526
0.0080974
0.00809953
0.00810167
0.00810381
0.00810594
0.00810808
0.00811022
0.00811235
0.00811449
0.00811663
0.00811876
0.0081209
0.00812304
0.00812517
0.00812731
0.00812945
0.00813159
0.00813372
0.00813586
0.008138
0.00814013
0.00814227
0.00814441
0.00814654
0.00814868
0.00815082
0.00815295
0.00815509
0.00815723
0.00815936
0.0081615
0.00816364
0.00816577
0.00816791
0.00817005
0.00817218
0.00817432
0.00817646
0.00817859
0.00818073
0.00818287
0.008185
0.00818714
0.00818928
0.00819141
0.00819355
0.00819569
0.00819782
0.00819996
0.0082021
0.00820423
0.00820637
0.00820851
0.00821064
0.00821278
0.00821492
0.00821706
0.00821919
0.00822133
0.00822347
0.0082256
0.00822774
0.00822988
0.00823201
0.00823415
0.00823629
0.00823842
0.00824056
0.0082427
0.00824483
0.00824697
0.00824911
0.00825124
0.00825338
0.00825552
0.00825765
0.00825979
0.00826193
0.00826406
0.0082662
0.00826834
0.00827047
0.00827261
0.00827475
0.00827688
0.00827902
0.00828116
0.00828329
0.00828543
0.00828757
0.0082897
0.00829184
0.00829398
0.00829612
0.00829825
0.00830039
0.00830253
0.00830466
0.0083068
0.00830894
0.00831107
0.00831321
0.00831535
0.00831748
0.00831962
0.00832176
0.00832389
0.00832603
0.00832817
0.0083303
0.00833244
0.00833458
0.00833671
0.00833885
0.00834099
0.00834312
0.00834526
0.0083474
0.00834953
0.00835167
0.00835381
0.00835594
0.00835808
0.00836022
0.00836235
0.00836449
0.00836663
0.00836876
0.0083709
0.00837304
0.00837517
0.00837731
0.00837945
0.00838159
0.00838372
0.00838586
0.008388
0.00839013
0.00839227
0.00839441
0.00839654
0.00839868
0.00840082
0.00840295
0.00840509
0.00840723
0.00840936
0.0084115
0.00841364
0.00841577
0.00841791
0.00842005
0.00842218
0.00842432
0.00842646
0.00842859
0.00843073
0.00843287
0.008435
0.00843714
0.00843928
0.00844141
0.00844355
0.00844569
0.00844782
0.00844996
0.0084521
0.00845423
0.00845637
0.00845851
0.00846064
0.00846278
0.00846492
0.00846706
0.00846919
0.00847133
0.00847347
0.0084756
0.00847774
0.00847988
0.00848201
0.00848415
0.00848629
0.00848842
0.00849056
0.0084927
0.00849483
0.00849697
0.00849911
0.00850124
0.00850338
0.00850552
0.00850765
0.00850979
0.00851193
0.00851406
0.0085162
0.00851834
0.00852047
0.00852261
0.00852475
0.00852688
0.00852902
0.00853116
0.00853329
0.00853543
0.00853757
0.0085397
0.00854184
0.00854398
0.00854612
0.00854825
0.00855039
0.00855253
0.00855466
0.0085568
0.00855894
0.00856107
0.00856321
0.00856535
0.00856748
0.00856962
0.00857176
0.00857389
0.00857603
0.00857817
0.0085803
0.00858244
0.00858458
0.00858671
0.00858885
0.00859099
0.00859312
0.00859526
0.0085974
0.00859953
0.00860167
0.00860381
0.00860594
0.00860808
0.00861022
0.00861235
0.00861449
0.00861663
0.00861876
0.0086209
0.00862304
0.00862517
0.00862731
0.00862945
0.00863159
0.00863372
0.00863586
0.008638
0.00864013
0.00864227
0.00864441
0.00864654
0.00864868
0.00865082
0.00865295
0.00865509
0.00865723
0.00865936
0.0086615
0.00866364
0.00866577
0.00866791
0.00867005
0.00867218
0.00867432
0.00867646
0.00867859
0.00868073
0.00868287
0.008685
0.00868714
0.00868928
0.00869141
0.00869355
0.00869569
0.00869782
0.00869996
0.0087021
0.00870423
0.00870637
0.00870851
0.00871064
0.00871278
0.00871492
0.00871706
0.00871919
0.00872133
0.00872347
0.0087256
0.00872774
0.00872988
0.00873201
0.00873415
0.00873629
0.00873842
0.00874056
0.0087427
0.00874483
0.00874697
0.00874911
0.00875124
0.00875338
0.00875552
0.00875765
0.00875979
0.0087