3.97319e-06
5.68773e-06
7.40227e-06
9.11681e-06
1.08314e-05
1.25459e-05
1.42604e-05
1.5975e-05
1.76895e-05
1.94041e-05
2.11186e-05
2.28331e-05
2.45477e-05
2.62622e-05
2.79768e-05
2.96913e-05
3.14059e-05
3.31204e-05
3.48349e-05
3.65495e-05
3.8264e-05
3.99786e-05
4.16931e-05
4.34076e-05
4.51222e-05
4.68367e-05
4.85513e-05
5.02658e-05
5.19804e-05
5.36949e-05
5.54094e-05
5.7124e-05
5.88385e-05
6.05531e-05
6.22676e-05
6.39821e-05
6.56967e-05
6.74112e-05
6.91258e-05
7.08403e-05
7.25548e-05
7.42694e-05
7.59839e-05
7.76985e-05
7.9413e-05
8.11276e-05
8.28421e-05
8.45566e-05
8.62712e-05
8.79857e-05
8.97003e-05
9.14148e-05
9.31293e-05
9.48439e-05
9.65584e-05
9.8273e-05
9.99875e-05
0.000101702
0.000103417
0.000105131
0.000106846
0.00010856
0.000110275
0.000111989
0.000113704
0.000115418
0.000117133
0.000118847
0.000120562
0.000122277
0.000123991
0.000125706
0.00012742
0.000129135
0.000130849
0.000132564
0.000134278
0.000135993
0.000137707
0.000139422
0.000141137
0.000142851
0.000144566
0.00014628
0.000147995
0.000149709
0.000151424
0.000153138
0.000154853
0.000156567
0.000158282
0.000159996
0.000161711
0.000163426
0.00016514
0.000166855
0.000168569
0.000170284
0.000171998
0.000173713
0.000175427
0.000177142
0.000178856
0.000180571
0.000182286
0.000184
0.000185715
0.000187429
0.000189144
0.000190858
0.000192573
0.000194287
0.000196002
0.000197716
0.000199431
0.000201145
0.00020286
0.000204575
0.000206289
0.000208004
0.000209718
0.000211433
0.000213147
0.000214862
0.000216576
0.000218291
0.000220005
0.00022172
0.000223435
0.000225149
0.000226864
0.000228578
0.000230293
0.000232007
0.000233722
0.000235436
0.000237151
0.000238865
0.00024058
0.000242294
0.000244009
0.000245724
0.000247438
0.000249153
0.000250867
0.000252582
0.000254296
0.000256011
0.000257725
0.00025944
0.000261154
0.000262869
0.000264583
0.000266298
0.000268013
0.000269727
0.000271442
0.000273156
0.000274871
0.000276585
0.0002783
0.000280014
0.000281729
0.000283443
0.000285158
0.000286873
0.000288587
0.000290302
0.000292016
0.000293731
0.000295445
0.00029716
0.000298874
0.000300589
0.000302303
0.000304018
0.000305732
0.000307447
0.000309162
0.000310876
0.000312591
0.000314305
0.00031602
0.000317734
0.000319449
0.000321163
0.000322878
0.000324592
0.000326307
0.000328022
0.000329736
0.000331451
0.000333165
0.00033488
0.000336594
0.000338309
0.000340023
0.000341738
0.000343452
0.000345167
0.000346881
0.000348596
0.000350311
0.000352025
0.00035374
0.000355454
0.000357169
0.000358883
0.000360598
0.000362312
0.000364027
0.000365741
0.000367456
0.000369171
0.000370885
0.0003726
0.000374314
0.000376029
0.000377743
0.000379458
0.000381172
0.000382887
0.000384601
0.000386316
0.00038803
0.000389745
0.00039146
0.000393174
0.000394889
0.000396603
0.000398318
0.000400032
0.000401747
0.000403461
0.000405176
0.00040689
0.000408605
0.00041032
0.000412034
0.000413749
0.000415463
0.000417178
0.000418892
0.000420607
0.000422321
0.000424036
0.00042575
0.000427465
0.000429179
0.000430894
0.000432609
0.000434323
0.000436038
0.000437752
0.000439467
0.000441181
0.000442896
0.00044461
0.000446325
0.000448039
0.000449754
0.000451469
0.000453183
0.000454898
0.000456612
0.000458327
0.000460041
0.000461756
0.00046347
0.000465185
0.000466899
0.000468614
0.000470328
0.000472043
0.000473758
0.000475472
0.000477187
0.000478901
0.000480616
0.00048233
0.000484045
0.000485759
0.000487474
0.000489188
0.000490903
0.000492618
0.000494332
0.000496047
0.000497761
0.000499476
0.00050119
0.000502905
0.000504619
0.000506334
0.000508048
0.000509763
0.000511477
0.000513192
0.000514907
0.000516621
0.000518336
0.00052005
0.000521765
0.000523479
0.000525194
0.000526908
0.000528623
0.000530337
0.000532052
0.000533767
0.000535481
0.000537196
0.00053891
0.000540625
0.000542339
0.000544054
0.000545768
0.000547483
0.000549197
0.000550912
0.000552626
0.000554341
0.000556056
0.00055777
0.000559485
0.000561199
0.000562914
0.000564628
0.000566343
0.000568057
0.000569772
0.000571486
0.000573201
0.000574916
0.00057663
0.000578345
0.000580059
0.000581774
0.000583488
0.000585203
0.000586917
0.000588632
0.000590346
0.000592061
0.000593775
0.00059549
0.000597205
0.000598919
0.000600634
0.000602348
0.000604063
0.000605777
0.000607492
0.000609206
0.000610921
0.000612635
0.00061435
0.000616065
0.000617779
0.000619494
0.000621208
0.000622923
0.000624637
0.000626352
0.000628066
0.000629781
0.000631495
0.00063321
0.000634924
0.000636639
0.000638354
0.000640068
0.000641783
0.000643497
0.000645212
0.000646926
0.000648641
0.000650355
0.00065207
0.000653784
0.000655499
0.000657213
0.000658928
0.000660643
0.000662357
0.000664072
0.000665786
0.000667501
0.000669215
0.00067093
0.000672644
0.000674359
0.000676073
0.000677788
0.000679503
0.000681217
0.000682932
0.000684646
0.000686361
0.000688075
0.00068979
0.000691504
0.000693219
0.000694933
0.000696648
0.000698362
0.000700077
0.000701792
0.000703506
0.000705221
0.000706935
0.00070865
0.000710364
0.000712079
0.000713793
0.000715508
0.000717222
0.000718937
0.000720652
0.000722366
0.000724081
0.000725795
0.00072751
0.000729224
0.000730939
0.000732653
0.000734368
0.000736082
0.000737797
0.000739511
0.000741226
0.000742941
0.000744655
0.00074637
0.000748084
0.000749799
0.000751513
0.000753228
0.000754942
0.000756657
0.000758371
0.000760086
0.000761801
0.000763515
0.00076523
0.000766944
0.000768659
0.000770373
0.000772088
0.000773802
0.000775517
0.000777231
0.000778946
0.00078066
0.000782375
0.00078409
0.000785804
0.000787519
0.000789233
0.000790948
0.000792662
0.000794377
0.000796091
0.000797806
0.00079952
0.000801235
0.00080295
0.000804664
0.000806379
0.000808093
0.000809808
0.000811522
0.000813237
0.000814951
0.000816666
0.00081838
0.000820095
0.000821809
0.000823524
0.000825239
0.000826953
0.000828668
0.000830382
0.000832097
0.000833811
0.000835526
0.00083724
0.000838955
0.000840669
0.000842384
0.000844099
0.000845813
0.000847528
0.000849242
0.000850957
0.000852671
0.000854386
0.0008561
0.000857815
0.000859529
0.000861244
0.000862958
0.000864673
0.000866388
0.000868102
0.000869817
0.000871531
0.000873246
0.00087496
0.000876675
0.000878389
0.000880104
0.000881818
0.000883533
0.000885248
0.000886962
0.000888677
0.000890391
0.000892106
0.00089382
0.000895535
0.000897249
0.000898964
0.000900678
0.000902393
0.000904107
0.000905822
0.000907537
0.000909251
0.000910966
0.00091268
0.000914395
0.000916109
0.000917824
0.000919538
0.000921253
0.000922967
0.000924682
0.000926397
0.000928111
0.000929826
0.00093154
0.000933255
0.000934969
0.000936684
0.000938398
0.000940113
0.000941827
0.000943542
0.000945256
0.000946971
0.000948686
0.0009504
0.000952115
0.000953829
0.000955544
0.000957258
0.000958973
0.000960687
0.000962402
0.000964116
0.000965831
0.000967546
0.00096926
0.000970975
0.000972689
0.000974404
0.000976118
0.000977833
0.000979547
0.000981262
0.000982976
0.000984691
0.000986405
0.00098812
0.000989835
0.000991549
0.000993264
0.000994978
0.000996693
0.000998407
0.00100012
0.00100184
0.00100355
0.00100527
0.00100698
0.00100869
0.00101041
0.00101212
0.00101384
0.00101555
0.00101727
0.00101898
0.0010207
0.00102241
0.00102413
0.00102584
0.00102755
0.00102927
0.00103098
0.0010327
0.00103441
0.00103613
0.00103784
0.00103956
0.00104127
0.00104299
0.0010447
0.00104641
0.00104813
0.00104984
0.00105156
0.00105327
0.00105499
0.0010567
0.00105842
0.00106013
0.00106185
0.00106356
0.00106527
0.00106699
0.0010687
0.00107042
0.00107213
0.00107385
0.00107556
0.00107728
0.00107899
0.00108071
0.00108242
0.00108413
0.00108585
0.00108756
0.00108928
0.00109099
0.00109271
0.00109442
0.00109614
0.00109785
0.00109957
0.00110128
0.00110299
0.00110471
0.00110642
0.00110814
0.00110985
0.00111157
0.00111328
0.001115
0.00111671
0.00111843
0.00112014
0.00112185
0.00112357
0.00112528
0.001127
0.00112871
0.00113043
0.00113214
0.00113386
0.00113557
0.00113729
0.001139
0.00114071
0.00114243
0.00114414
0.00114586
0.00114757
0.00114929
0.001151
0.00115272
0.00115443
0.00115615
0.00115786
0.00115957
0.00116129
0.001163
0.00116472
0.00116643
0.00116815
0.00116986
0.00117158
0.00117329
0.00117501
0.00117672
0.00117843
0.00118015
0.00118186
0.00118358
0.00118529
0.00118701
0.00118872
0.00119044
0.00119215
0.00119386
0.00119558
0.00119729
0.00119901
0.00120072
0.00120244
0.00120415
0.00120587
0.00120758
0.0012093
0.00121101
0.00121272
0.00121444
0.00121615
0.00121787
0.00121958
0.0012213
0.00122301
0.00122473
0.00122644
0.00122816
0.00122987
0.00123158
0.0012333
0.00123501
0.00123673
0.00123844
0.00124016
0.00124187
0.00124359
0.0012453
0.00124702
0.00124873
0.00125044
0.00125216
0.00125387
0.00125559
0.0012573
0.00125902
0.00126073
0.00126245
0.00126416
0.00126588
0.00126759
0.0012693
0.00127102
0.00127273
0.00127445
0.00127616
0.00127788
0.00127959
0.00128131
0.00128302
0.00128474
0.00128645
0.00128816
0.00128988
0.00129159
0.00129331
0.00129502
0.00129674
0.00129845
0.00130017
0.00130188
0.0013036
0.00130531
0.00130702
0.00130874
0.00131045
0.00131217
0.00131388
0.0013156
0.00131731
0.00131903
0.00132074
0.00132246
0.00132417
0.00132588
0.0013276
0.00132931
0.00133103
0.00133274
0.00133446
0.00133617
0.00133789
0.0013396
0.00134132
0.00134303
0.00134474
0.00134646
0.00134817
0.00134989
0.0013516
0.00135332
0.00135503
0.00135675
0.00135846
0.00136018
0.00136189
0.0013636
0.00136532
0.00136703
0.00136875
0.00137046
0.00137218
0.00137389
0.00137561
0.00137732
0.00137904
0.00138075
0.00138246
0.00138418
0.00138589
0.00138761
0.00138932
0.00139104
0.00139275
0.00139447
0.00139618
0.0013979
0.00139961
0.00140132
0.00140304
0.00140475
0.00140647
0.00140818
0.0014099
0.00141161
0.00141333
0.00141504
0.00141676
0.00141847
0.00142018
0.0014219
0.00142361
0.00142533
0.00142704
0.00142876
0.00143047
0.00143219
0.0014339
0.00143562
0.00143733
0.00143904
0.00144076
0.00144247
0.00144419
0.0014459
0.00144762
0.00144933
0.00145105
0.00145276
0.00145448
0.00145619
0.0014579
0.00145962
0.00146133
0.00146305
0.00146476
0.00146648
0.00146819
0.00146991
0.00147162
0.00147334
0.00147505
0.00147676
0.00147848
0.00148019
0.00148191
0.00148362
0.00148534
0.00148705
0.00148877
0.00149048
0.0014922
0.00149391
0.00149562
0.00149734
0.00149905
0.00150077
0.00150248
0.0015042
0.00150591
0.00150763
0.00150934
0.00151106
0.00151277
0.00151448
0.0015162
0.00151791
0.00151963
0.00152134
0.00152306
0.00152477
0.00152649
0.0015282
0.00152992
0.00153163
0.00153334
0.00153506
0.00153677
0.00153849
0.0015402
0.00154192
0.00154363
0.00154535
0.00154706
0.00154878
0.00155049
0.0015522
0.00155392
0.00155563
0.00155735
0.00155906
0.00156078
0.00156249
0.00156421
0.00156592
0.00156764
0.00156935
0.00157106
0.00157278
0.00157449
0.00157621
0.00157792
0.00157964
0.00158135
0.00158307
0.00158478
0.00158649
0.00158821
0.00158992
0.00159164
0.00159335
0.00159507
0.00159678
0.0015985
0.00160021
0.00160193
0.00160364
0.00160535
0.00160707
0.00160878
0.0016105
0.00161221
0.00161393
0.00161564
0.00161736
0.00161907
0.00162079
0.0016225
0.00162421
0.00162593
0.00162764
0.00162936
0.00163107
0.00163279
0.0016345
0.00163622
0.00163793
0.00163965
0.00164136
0.00164307
0.00164479
0.0016465
0.00164822
0.00164993
0.00165165
0.00165336
0.00165508
0.00165679
0.00165851
0.00166022
0.00166193
0.00166365
0.00166536
0.00166708
0.00166879
0.00167051
0.00167222
0.00167394
0.00167565
0.00167737
0.00167908
0.00168079
0.00168251
0.00168422
0.00168594
0.00168765
0.00168937
0.00169108
0.0016928
0.00169451
0.00169623
0.00169794
0.00169965
0.00170137
0.00170308
0.0017048
0.00170651
0.00170823
0.00170994
0.00171166
0.00171337
0.00171509
0.0017168
0.00171851
0.00172023
0.00172194
0.00172366
0.00172537
0.00172709
0.0017288
0.00173052
0.00173223
0.00173395
0.00173566
0.00173737
0.00173909
0.0017408
0.00174252
0.00174423
0.00174595
0.00174766
0.00174938
0.00175109
0.00175281
0.00175452
0.00175623
0.00175795
0.00175966
0.00176138
0.00176309
0.00176481
0.00176652
0.00176824
0.00176995
0.00177167
0.00177338
0.00177509
0.00177681
0.00177852
0.00178024
0.00178195
0.00178367
0.00178538
0.0017871
0.00178881
0.00179053
0.00179224
0.00179395
0.00179567
0.00179738
0.0017991
0.00180081
0.00180253
0.00180424
0.00180596
0.00180767
0.00180939
0.0018111
0.00181281
0.00181453
0.00181624
0.00181796
0.00181967
0.00182139
0.0018231
0.00182482
0.00182653
0.00182825
0.00182996
0.00183167
0.00183339
0.0018351
0.00183682
0.00183853
0.00184025
0.00184196
0.00184368
0.00184539
0.00184711
0.00184882
0.00185053
0.00185225
0.00185396
0.00185568
0.00185739
0.00185911
0.00186082
0.00186254
0.00186425
0.00186597
0.00186768
0.00186939
0.00187111
0.00187282
0.00187454
0.00187625
0.00187797
0.00187968
0.0018814
0.00188311
0.00188483
0.00188654
0.00188825
0.00188997
0.00189168
0.0018934
0.00189511
0.00189683
0.00189854
0.00190026
0.00190197
0.00190369
0.0019054
0.00190711
0.00190883
0.00191054
0.00191226
0.00191397
0.00191569
0.0019174
0.00191912
0.00192083
0.00192255
0.00192426
0.00192597
0.00192769
0.0019294
0.00193112
0.00193283
0.00193455
0.00193626
0.00193798
0.00193969
0.00194141
0.00194312
0.00194483
0.00194655
0.00194826
0.00194998
0.00195169
0.00195341
0.00195512
0.00195684
0.00195855
0.00196027
0.00196198
0.00196369
0.00196541
0.00196712
0.00196884
0.00197055
0.00197227
0.00197398
0.0019757
0.00197741
0.00197912
0.00198084
0.00198255
0.00198427
0.00198598
0.0019877
0.00198941
0.00199113
0.00199284
0.00199456
0.00199627
0.00199798
0.0019997
0.00200141
0.00200313
0.00200484
0.00200656
0.00200827
0.00200999
0.0020117
0.00201342
0.00201513
0.00201684
0.00201856
0.00202027
0.00202199
0.0020237
0.00202542
0.00202713
0.00202885
0.00203056
0.00203228
0.00203399
0.0020357
0.00203742
0.00203913
0.00204085
0.00204256
0.00204428
0.00204599
0.00204771
0.00204942
0.00205114
0.00205285
0.00205456
0.00205628
0.00205799
0.00205971
0.00206142
0.00206314
0.00206485
0.00206657
0.00206828
0.00207
0.00207171
0.00207342
0.00207514
0.00207685
0.00207857
0.00208028
0.002082
0.00208371
0.00208543
0.00208714
0.00208886
0.00209057
0.00209228
0.002094
0.00209571
0.00209743
0.00209914
0.00210086
0.00210257
0.00210429
0.002106
0.00210772
0.00210943
0.00211114
0.00211286
0.00211457
0.00211629
0.002118
0.00211972
0.00212143
0.00212315
0.00212486
0.00212658
0.00212829
0.00213
0.00213172
0.00213343
0.00213515
0.00213686
0.00213858
0.00214029
0.00214201
0.00214372
0.00214544
0.00214715
0.00214886
0.00215058
0.00215229
0.00215401
0.00215572
0.00215744
0.00215915
0.00216087
0.00216258
0.0021643
0.00216601
0.00216772
0.00216944
0.00217115
0.00217287
0.00217458
0.0021763
0.00217801
0.00217973
0.00218144
0.00218316
0.00218487
0.00218658
0.0021883
0.00219001
0.00219173
0.00219344
0.00219516
0.00219687
0.00219859
0.0022003
0.00220202
0.00220373
0.00220544
0.00220716
0.00220887
0.00221059
0.0022123
0.00221402
0.00221573
0.00221745
0.00221916
0.00222088
0.00222259
0.0022243
0.00222602
0.00222773
0.00222945
0.00223116
0.00223288
0.00223459
0.00223631
0.00223802
0.00223974
0.00224145
0.00224316
0.00224488
0.00224659
0.00224831
0.00225002
0.00225174
0.00225345
0.00225517
0.00225688
0.0022586
0.00226031
0.00226202
0.00226374
0.00226545
0.00226717
0.00226888
0.0022706
0.00227231
0.00227403
0.00227574
0.00227746
0.00227917
0.00228088
0.0022826
0.00228431
0.00228603
0.00228774
0.00228946
0.00229117
0.00229289
0.0022946
0.00229632
0.00229803
0.00229974
0.00230146
0.00230317
0.00230489
0.0023066
0.00230832
0.00231003
0.00231175
0.00231346
0.00231518
0.00231689
0.0023186
0.00232032
0.00232203
0.00232375
0.00232546
0.00232718
0.00232889
0.00233061
0.00233232
0.00233404
0.00233575
0.00233746
0.00233918
0.00234089
0.00234261
0.00234432
0.00234604
0.00234775
0.00234947
0.00235118
0.0023529
0.00235461
0.00235632
0.00235804
0.00235975
0.00236147
0.00236318
0.0023649
0.00236661
0.00236833
0.00237004
0.00237175
0.00237347
0.00237518
0.0023769
0.00237861
0.00238033
0.00238204
0.00238376
0.00238547
0.00238719
0.0023889
0.00239061
0.00239233
0.00239404
0.00239576
0.00239747
0.00239919
0.0024009
0.00240262
0.00240433
0.00240605
0.00240776
0.00240947
0.00241119
0.0024129
0.00241462
0.00241633
0.00241805
0.00241976
0.00242148
0.00242319
0.00242491
0.00242662
0.00242833
0.00243005
0.00243176
0.00243348
0.00243519
0.00243691
0.00243862
0.00244034
0.00244205
0.00244377
0.00244548
0.00244719
0.00244891
0.00245062
0.00245234
0.00245405
0.00245577
0.00245748
0.0024592
0.00246091
0.00246263
0.00246434
0.00246605
0.00246777
0.00246948
0.0024712
0.00247291
0.00247463
0.00247634
0.00247806
0.00247977
0.00248149
0.0024832
0.00248491
0.00248663
0.00248834
0.00249006
0.00249177
0.00249349
0.0024952
0.00249692
0.00249863
0.00250035
0.00250206
0.00250377
0.00250549
0.0025072
0.00250892
0.00251063
0.00251235
0.00251406
0.00251578
0.00251749
0.00251921
0.00252092
0.00252263
0.00252435
0.00252606
0.00252778
0.00252949
0.00253121
0.00253292
0.00253464
0.00253635
0.00253807
0.00253978
0.00254149
0.00254321
0.00254492
0.00254664
0.00254835
0.00255007
0.00255178
0.0025535
0.00255521
0.00255693
0.00255864
0.00256035
0.00256207
0.00256378
0.0025655
0.00256721
0.00256893
0.00257064
0.00257236
0.00257407
0.00257579
0.0025775
0.00257921
0.00258093
0.00258264
0.00258436
0.00258607
0.00258779
0.0025895
0.00259122
0.00259293
0.00259465
0.00259636
0.00259807
0.00259979
0.0026015
0.00260322
0.00260493
0.00260665
0.00260836
0.00261008
0.00261179
0.00261351
0.00261522
0.00261693
0.00261865
0.00262036
0.00262208
0.00262379
0.00262551
0.00262722
0.00262894
0.00263065
0.00263237
0.00263408
0.00263579
0.00263751
0.00263922
0.00264094
0.00264265
0.00264437
0.00264608
0.0026478
0.00264951
0.00265123
0.00265294
0.00265465
0.00265637
0.00265808
0.0026598
0.00266151
0.00266323
0.00266494
0.00266666
0.00266837
0.00267009
0.0026718
0.00267351
0.00267523
0.00267694
0.00267866
0.00268037
0.00268209
0.0026838
0.00268552
0.00268723
0.00268895
0.00269066
0.00269237
0.00269409
0.0026958
0.00269752
0.00269923
0.00270095
0.00270266
0.00270438
0.00270609
0.00270781
0.00270952
0.00271123
0.00271295
0.00271466
0.00271638
0.00271809
0.00271981
0.00272152
0.00272324
0.00272495
0.00272667
0.00272838
0.00273009
0.00273181
0.00273352
0.00273524
0.00273695
0.00273867
0.00274038
0.0027421
0.00274381
0.00274553
0.00274724
0.00274895
0.00275067
0.00275238
0.0027541
0.00275581
0.00275753
0.00275924
0.00276096
0.00276267
0.00276438
0.0027661
0.00276781
0.00276953
0.00277124
0.00277296
0.00277467
0.00277639
0.0027781
0.00277982
0.00278153
0.00278324
0.00278496
0.00278667
0.00278839
0.0027901
0.00279182
0.00279353
0.00279525
0.00279696
0.00279868
0.00280039
0.0028021
0.00280382
0.00280553
0.00280725
0.00280896
0.00281068
0.00281239
0.00281411
0.00281582
0.00281754
0.00281925
0.00282096
0.00282268
0.00282439
0.00282611
0.00282782
0.00282954
0.00283125
0.00283297
0.00283468
0.0028364
0.00283811
0.00283982
0.00284154
0.00284325
0.00284497
0.00284668
0.0028484
0.00285011
0.00285183
0.00285354
0.00285526
0.00285697
0.00285868
0.0028604
0.00286211
0.00286383
0.00286554
0.00286726
0.00286897
0.00287069
0.0028724
0.00287412
0.00287583
0.00287754
0.00287926
0.00288097
0.00288269
0.0028844
0.00288612
0.00288783
0.00288955
0.00289126
0.00289298
0.00289469
0.0028964
0.00289812
0.00289983
0.00290155
0.00290326
0.00290498
0.00290669
0.00290841
0.00291012
0.00291184
0.00291355
0.00291526
0.00291698
0.00291869
0.00292041
0.00292212
0.00292384
0.00292555
0.00292727
0.00292898
0.0029307
0.00293241
0.00293412
0.00293584
0.00293755
0.00293927
0.00294098
0.0029427
0.00294441
0.00294613
0.00294784
0.00294956
0.00295127
0.00295298
0.0029547
0.00295641
0.00295813
0.00295984
0.00296156
0.00296327
0.00296499
0.0029667
0.00296842
0.00297013
0.00297184
0.00297356
0.00297527
0.00297699
0.0029787
0.00298042
0.00298213
0.00298385
0.00298556
0.00298728
0.00298899
0.0029907
0.00299242
0.00299413
0.00299585
0.00299756
0.00299928
0.00300099
0.00300271
0.00300442
0.00300614
0.00300785
0.00300956
0.00301128
0.00301299
0.00301471
0.00301642
0.00301814
0.00301985
0.00302157
0.00302328
0.003025
0.00302671
0.00302842
0.00303014
0.00303185
0.00303357
0.00303528
0.003037
0.00303871
0.00304043
0.00304214
0.00304386
0.00304557
0.00304728
0.003049
0.00305071
0.00305243
0.00305414
0.00305586
0.00305757
0.00305929
0.003061
0.00306272
0.00306443
0.00306614
0.00306786
0.00306957
0.00307129
0.003073
0.00307472
0.00307643
0.00307815
0.00307986
0.00308158
0.00308329
0.003085
0.00308672
0.00308843
0.00309015
0.00309186
0.00309358
0.00309529
0.00309701
0.00309872
0.00310044
0.00310215
0.00310386
0.00310558
0.00310729
0.00310901
0.00311072
0.00311244
0.00311415
0.00311587
0.00311758
0.0031193
0.00312101
0.00312272
0.00312444
0.00312615
0.00312787
0.00312958
0.0031313
0.00313301
0.00313473
0.00313644
0.00313816
0.00313987
0.00314158
0.0031433
0.00314501
0.00314673
0.00314844
0.00315016
0.00315187
0.00315359
0.0031553
0.00315701
0.00315873
0.00316044
0.00316216
0.00316387
0.00316559
0.0031673
0.00316902
0.00317073
0.00317245
0.00317416
0.00317587
0.00317759
0.0031793
0.00318102
0.00318273
0.00318445
0.00318616
0.00318788
0.00318959
0.00319131
0.00319302
0.00319473
0.00319645
0.00319816
0.00319988
0.00320159
0.00320331
0.00320502
0.00320674
0.00320845
0.00321017
0.00321188
0.00321359
0.00321531
0.00321702
0.00321874
0.00322045
0.00322217
0.00322388
0.0032256
0.00322731
0.00322903
0.00323074
0.00323245
0.00323417
0.00323588
0.0032376
0.00323931
0.00324103
0.00324274
0.00324446
0.00324617
0.00324789
0.0032496
0.00325131
0.00325303
0.00325474
0.00325646
0.00325817
0.00325989
0.0032616
0.00326332
0.00326503
0.00326675
0.00326846
0.00327017
0.00327189
0.0032736
0.00327532
0.00327703
0.00327875
0.00328046
0.00328218
0.00328389
0.00328561
0.00328732
0.00328903
0.00329075
0.00329246
0.00329418
0.00329589
0.00329761
0.00329932
0.00330104
0.00330275
0.00330447
0.00330618
0.00330789
0.00330961
0.00331132
0.00331304
0.00331475
0.00331647
0.00331818
0.0033199
0.00332161
0.00332333
0.00332504
0.00332675
0.00332847
0.00333018
0.0033319
0.00333361
0.00333533
0.00333704
0.00333876
0.00334047
0.00334219
0.0033439
0.00334561
0.00334733
0.00334904
0.00335076
0.00335247
0.00335419
0.0033559
0.00335762
0.00335933
0.00336105
0.00336276
0.00336447
0.00336619
0.0033679
0.00336962
0.00337133
0.00337305
0.00337476
0.00337648
0.00337819
0.00337991
0.00338162
0.00338333
0.00338505
0.00338676
0.00338848
0.00339019
0.00339191
0.00339362
0.00339534
0.00339705
0.00339877
0.00340048
0.00340219
0.00340391
0.00340562
0.00340734
0.00340905
0.00341077
0.00341248
0.0034142
0.00341591
0.00341763
0.00341934
0.00342105
0.00342277
0.00342448
0.0034262
0.00342791
0.00342963
0.00343134
0.00343306
0.00343477
0.00343649
0.0034382
0.00343991
0.00344163
0.00344334
0.00344506
0.00344677
0.00344849
0.0034502
0.00345192
0.00345363
0.00345535
0.00345706
0.00345877
0.00346049
0.0034622
0.00346392
0.00346563
0.00346735
0.00346906
0.00347078
0.00347249
0.00347421
0.00347592
0.00347763
0.00347935
0.00348106
0.00348278
0.00348449
0.00348621
0.00348792
0.00348964
0.00349135
0.00349307
0.00349478
0.00349649
0.00349821
0.00349992
0.00350164
0.00350335
0.00350507
0.00350678
0.0035085
0.00351021
0.00351193
0.00351364
0.00351535
0.00351707
0.00351878
0.0035205
0.00352221
0.00352393
0.00352564
0.00352736
0.00352907
0.00353079
0.0035325
0.00353421
0.00353593
0.00353764
0.00353936
0.00354107
0.00354279
0.0035445
0.00354622
0.00354793
0.00354964
0.00355136
0.00355307
0.00355479
0.0035565
0.00355822
0.00355993
0.00356165
0.00356336
0.00356508
0.00356679
0.0035685
0.00357022
0.00357193
0.00357365
0.00357536
0.00357708
0.00357879
0.00358051
0.00358222
0.00358394
0.00358565
0.00358736
0.00358908
0.00359079
0.00359251
0.00359422
0.00359594
0.00359765
0.00359937
0.00360108
0.0036028
0.00360451
0.00360622
0.00360794
0.00360965
0.00361137
0.00361308
0.0036148
0.00361651
0.00361823
0.00361994
0.00362166
0.00362337
0.00362508
0.0036268
0.00362851
0.00363023
0.00363194
0.00363366
0.00363537
0.00363709
0.0036388
0.00364052
0.00364223
0.00364394
0.00364566
0.00364737
0.00364909
0.0036508
0.00365252
0.00365423
0.00365595
0.00365766
0.00365938
0.00366109
0.0036628
0.00366452
0.00366623
0.00366795
0.00366966
0.00367138
0.00367309
0.00367481
0.00367652
0.00367824
0.00367995
0.00368166
0.00368338
0.00368509
0.00368681
0.00368852
0.00369024
0.00369195
0.00369367
0.00369538
0.0036971
0.00369881
0.00370052
0.00370224
0.00370395
0.00370567
0.00370738
0.0037091
0.00371081
0.00371253
0.00371424
0.00371596
0.00371767
0.00371938
0.0037211
0.00372281
0.00372453
0.00372624
0.00372796
0.00372967
0.00373139
0.0037331
0.00373482
0.00373653
0.00373824
0.00373996
0.00374167
0.00374339
0.0037451
0.00374682
0.00374853
0.00375025
0.00375196
0.00375368
0.00375539
0.0037571
0.00375882
0.00376053
0.00376225
0.00376396
0.00376568
0.00376739
0.00376911
0.00377082
0.00377254
0.00377425
0.00377596
0.00377768
0.00377939
0.00378111
0.00378282
0.00378454
0.00378625
0.00378797
0.00378968
0.0037914
0.00379311
0.00379482
0.00379654
0.00379825
0.00379997
0.00380168
0.0038034
0.00380511
0.00380683
0.00380854
0.00381026
0.00381197
0.00381368
0.0038154
0.00381711
0.00381883
0.00382054
0.00382226
0.00382397
0.00382569
0.0038274
0.00382912
0.00383083
0.00383254
0.00383426
0.00383597
0.00383769
0.0038394
0.00384112
0.00384283
0.00384455
0.00384626
0.00384798
0.00384969
0.0038514
0.00385312
0.00385483
0.00385655
0.00385826
0.00385998
0.00386169
0.00386341
0.00386512
0.00386684
0.00386855
0.00387026
0.00387198
0.00387369
0.00387541
0.00387712
0.00387884
0.00388055
0.00388227
0.00388398
0.0038857
0.00388741
0.00388912
0.00389084
0.00389255
0.00389427
0.00389598
0.0038977
0.00389941
0.00390113
0.00390284
0.00390456
0.00390627
0.00390798
0.0039097
0.00391141
0.00391313
0.00391484
0.00391656
0.00391827
0.00391999
0.0039217
0.00392342
0.00392513
0.00392684
0.00392856
0.00393027
0.00393199
0.0039337
0.00393542
0.00393713
0.00393885
0.00394056
0.00394227
0.00394399
0.0039457
0.00394742
0.00394913
0.00395085
0.00395256
0.00395428
0.00395599
0.00395771
0.00395942
0.00396113
0.00396285
0.00396456
0.00396628
0.00396799
0.00396971
0.00397142
0.00397314
0.00397485
0.00397657
0.00397828
0.00397999
0.00398171
0.00398342
0.00398514
0.00398685
0.00398857
0.00399028
0.003992
0.00399371
0.00399543
0.00399714
0.00399885
0.00400057
0.00400228
0.004004
0.00400571
0.00400743
0.00400914
0.00401086
0.00401257
0.00401429
0.004016
0.00401771
0.00401943
0.00402114
0.00402286
0.00402457
0.00402629
0.004028
0.00402972
0.00403143
0.00403315
0.00403486
0.00403657
0.00403829
0.00404
0.00404172
0.00404343
0.00404515
0.00404686
0.00404858
0.00405029
0.00405201
0.00405372
0.00405543
0.00405715
0.00405886
0.00406058
0.00406229
0.00406401
0.00406572
0.00406744
0.00406915
0.00407087
0.00407258
0.00407429
0.00407601
0.00407772
0.00407944
0.00408115
0.00408287
0.00408458
0.0040863
0.00408801
0.00408973
0.00409144
0.00409315
0.00409487
0.00409658
0.0040983
0.00410001
0.00410173
0.00410344
0.00410516
0.00410687
0.00410859
0.0041103
0.00411201
0.00411373
0.00411544
0.00411716
0.00411887
0.00412059
0.0041223
0.00412402
0.00412573
0.00412745
0.00412916
0.00413087
0.00413259
0.0041343
0.00413602
0.00413773
0.00413945
0.00414116
0.00414288
0.00414459
0.00414631
0.00414802
0.00414973
0.00415145
0.00415316
0.00415488
0.00415659
0.00415831
0.00416002
0.00416174
0.00416345
0.00416517
0.00416688
0.00416859
0.00417031
0.00417202
0.00417374
0.00417545
0.00417717
0.00417888
0.0041806
0.00418231
0.00418403
0.00418574
0.00418745
0.00418917
0.00419088
0.0041926
0.00419431
0.00419603
0.00419774
0.00419946
0.00420117
0.00420289
0.0042046
0.00420631
0.00420803
0.00420974
0.00421146
0.00421317
0.00421489
0.0042166
0.00421832
0.00422003
0.00422175
0.00422346
0.00422517
0.00422689
0.0042286
0.00423032
0.00423203
0.00423375
0.00423546
0.00423718
0.00423889
0.00424061
0.00424232
0.00424403
0.00424575
0.00424746
0.00424918
0.00425089
0.00425261
0.00425432
0.00425604
0.00425775
0.00425947
0.00426118
0.00426289
0.00426461
0.00426632
0.00426804
0.00426975
0.00427147
0.00427318
0.0042749
0.00427661
0.00427833
0.00428004
0.00428175
0.00428347
0.00428518
0.0042869
0.00428861
0.00429033
0.00429204
0.00429376
0.00429547
0.00429719
0.0042989
0.00430061
0.00430233
0.00430404
0.00430576
0.00430747
0.00430919
0.0043109
0.00431262
0.00431433
0.00431605
0.00431776
0.00431947
0.00432119
0.0043229
0.00432462
0.00432633
0.00432805
0.00432976
0.00433148
0.00433319
0.0043349
0.00433662
0.00433833
0.00434005
0.00434176
0.00434348
0.00434519
0.00434691
0.00434862
0.00435034
0.00435205
0.00435376
0.00435548
0.00435719
0.00435891
0.00436062
0.00436234
0.00436405
0.00436577
0.00436748
0.0043692
0.00437091
0.00437262
0.00437434
0.00437605
0.00437777
0.00437948
0.0043812
0.00438291
0.00438463
0.00438634
0.00438806
0.00438977
0.00439148
0.0043932
0.00439491
0.00439663
0.00439834
0.00440006
0.00440177
0.00440349
0.0044052
0.00440692
0.00440863
0.00441034
0.00441206
0.00441377
0.00441549
0.0044172
0.00441892
0.00442063
0.00442235
0.00442406
0.00442578
0.00442749
0.0044292
0.00443092
0.00443263
0.00443435
0.00443606
0.00443778
0.00443949
0.00444121
0.00444292
0.00444464
0.00444635
0.00444806
0.00444978
0.00445149
0.00445321
0.00445492
0.00445664
0.00445835
0.00446007
0.00446178
0.0044635
0.00446521
0.00446692
0.00446864
0.00447035
0.00447207
0.00447378
0.0044755
0.00447721
0.00447893
0.00448064
0.00448236
0.00448407
0.00448578
0.0044875
0.00448921
0.00449093
0.00449264
0.00449436
0.00449607
0.00449779
0.0044995
0.00450122
0.00450293
0.00450464
0.00450636
0.00450807
0.00450979
0.0045115
0.00451322
0.00451493
0.00451665
0.00451836
0.00452008
0.00452179
0.0045235
0.00452522
0.00452693
0.00452865
0.00453036
0.00453208
0.00453379
0.00453551
0.00453722
0.00453894
0.00454065
0.00454236
0.00454408
0.00454579
0.00454751
0.00454922
0.00455094
0.00455265
0.00455437
0.00455608
0.0045578
0.00455951
0.00456122
0.00456294
0.00456465
0.00456637
0.00456808
0.0045698
0.00457151
0.00457323
0.00457494
0.00457666
0.00457837
0.00458008
0.0045818
0.00458351
0.00458523
0.00458694
0.00458866
0.00459037
0.00459209
0.0045938
0.00459552
0.00459723
0.00459894
0.00460066
0.00460237
0.00460409
0.0046058
0.00460752
0.00460923
0.00461095
0.00461266
0.00461438
0.00461609
0.0046178
0.00461952
0.00462123
0.00462295
0.00462466
0.00462638
0.00462809
0.00462981
0.00463152
0.00463324
0.00463495
0.00463666
0.00463838
0.00464009
0.00464181
0.00464352
0.00464524
0.00464695
0.00464867
0.00465038
0.0046521
0.00465381
0.00465552
0.00465724
0.00465895
0.00466067
0.00466238
0.0046641
0.00466581
0.00466753
0.00466924
0.00467096
0.00467267
0.00467438
0.0046761
0.00467781
0.00467953
0.00468124
0.00468296
0.00468467
0.00468639
0.0046881
0.00468982
0.00469153
0.00469324
0.00469496
0.00469667
0.00469839
0.0047001
0.00470182
0.00470353
0.00470525
0.00470696
0.00470868
0.00471039
0.0047121
0.00471382
0.00471553
0.00471725
0.00471896
0.00472068
0.00472239
0.00472411
0.00472582
0.00472753
0.00472925
0.00473096
0.00473268
0.00473439
0.00473611
0.00473782
0.00473954
0.00474125
0.00474297
0.00474468
0.00474639
0.00474811
0.00474982
0.00475154
0.00475325
0.00475497
0.00475668
0.0047584
0.00476011
0.00476183
0.00476354
0.00476525
0.00476697
0.00476868
0.0047704
0.00477211
0.00477383
0.00477554
0.00477726
0.00477897
0.00478069
0.0047824
0.00478411
0.00478583
0.00478754
0.00478926
0.00479097
0.00479269
0.0047944
0.00479612
0.00479783
0.00479955
0.00480126
0.00480297
0.00480469
0.0048064
0.00480812
0.00480983
0.00481155
0.00481326
0.00481498
0.00481669
0.00481841
0.00482012
0.00482183
0.00482355
0.00482526
0.00482698
0.00482869
0.00483041
0.00483212
0.00483384
0.00483555
0.00483727
0.00483898
0.00484069
0.00484241
0.00484412
0.00484584
0.00484755
0.00484927
0.00485098
0.0048527
0.00485441
0.00485613
0.00485784
0.00485955
0.00486127
0.00486298
0.0048647
0.00486641
0.00486813
0.00486984
0.00487156
0.00487327
0.00487499
0.0048767
0.00487841
0.00488013
0.00488184
0.00488356
0.00488527
0.00488699
0.0048887
0.00489042
0.00489213
0.00489385
0.00489556
0.00489727
0.00489899
0.0049007
0.00490242
0.00490413
0.00490585
0.00490756
0.00490928
0.00491099
0.00491271
0.00491442
0.00491613
0.00491785
0.00491956
0.00492128
0.00492299
0.00492471
0.00492642
0.00492814
0.00492985
0.00493157
0.00493328
0.00493499
0.00493671
0.00493842
0.00494014
0.00494185
0.00494357
0.00494528
0.004947
0.00494871
0.00495043
0.00495214
0.00495385
0.00495557
0.00495728
0.004959
0.00496071
0.00496243
0.00496414
0.00496586
0.00496757
0.00496929
0.004971
0.00497271
0.00497443
0.00497614
0.00497786
0.00497957
0.00498129
0.004983
0.00498472
0.00498643
0.00498815
0.00498986
0.00499157
0.00499329
0.004995
0.00499672
0.00499843
0.00500015
0.00500186
0.00500358
0.00500529
0.00500701
0.00500872
0.00501043
0.00501215
0.00501386
0.00501558
0.00501729
0.00501901
0.00502072
0.00502244
0.00502415
0.00502587
0.00502758
0.00502929
0.00503101
0.00503272
0.00503444
0.00503615
0.00503787
0.00503958
0.0050413
0.00504301
0.00504473
0.00504644
0.00504815
0.00504987
0.00505158
0.0050533
0.00505501
0.00505673
0.00505844
0.00506016
0.00506187
0.00506359
0.0050653
0.00506701
0.00506873
0.00507044
0.00507216
0.00507387
0.00507559
0.0050773
0.00507902
0.00508073
0.00508245
0.00508416
0.00508587
0.00508759
0.0050893
0.00509102
0.00509273
0.00509445
0.00509616
0.00509788
0.00509959
0.00510131
0.00510302
0.00510473
0.00510645
0.00510816
0.00510988
0.00511159
0.00511331
0.00511502
0.00511674
0.00511845
0.00512016
0.00512188
0.00512359
0.00512531
0.00512702
0.00512874
0.00513045
0.00513217
0.00513388
0.0051356
0.00513731
0.00513902
0.00514074
0.00514245
0.00514417
0.00514588
0.0051476
0.00514931
0.00515103
0.00515274
0.00515446
0.00515617
0.00515788
0.0051596
0.00516131
0.00516303
0.00516474
0.00516646
0.00516817
0.00516989
0.0051716
0.00517332
0.00517503
0.00517674
0.00517846
0.00518017
0.00518189
0.0051836
0.00518532
0.00518703
0.00518875
0.00519046
0.00519218
0.00519389
0.0051956
0.00519732
0.00519903
0.00520075
0.00520246
0.00520418
0.00520589
0.00520761
0.00520932
0.00521104
0.00521275
0.00521446
0.00521618
0.00521789
0.00521961
0.00522132
0.00522304
0.00522475
0.00522647
0.00522818
0.0052299
0.00523161
0.00523332
0.00523504
0.00523675
0.00523847
0.00524018
0.0052419
0.00524361
0.00524533
0.00524704
0.00524876
0.00525047
0.00525218
0.0052539
0.00525561
0.00525733
0.00525904
0.00526076
0.00526247
0.00526419
0.0052659
0.00526762
0.00526933
0.00527104
0.00527276
0.00527447
0.00527619
0.0052779
0.00527962
0.00528133
0.00528305
0.00528476
0.00528648
0.00528819
0.0052899
0.00529162
0.00529333
0.00529505
0.00529676
0.00529848
0.00530019
0.00530191
0.00530362
0.00530534
0.00530705
0.00530876
0.00531048
0.00531219
0.00531391
0.00531562
0.00531734
0.00531905
0.00532077
0.00532248
0.0053242
0.00532591
0.00532762
0.00532934
0.00533105
0.00533277
0.00533448
0.0053362
0.00533791
0.00533963
0.00534134
0.00534306
0.00534477
0.00534648
0.0053482
0.00534991
0.00535163
0.00535334
0.00535506
0.00535677
0.00535849
0.0053602
0.00536192
0.00536363
0.00536534
0.00536706
0.00536877
0.00537049
0.0053722
0.00537392
0.00537563
0.00537735
0.00537906
0.00538078
0.00538249
0.0053842
0.00538592
0.00538763
0.00538935
0.00539106
0.00539278
0.00539449
0.00539621
0.00539792
0.00539964
0.00540135
0.00540306
0.00540478
0.00540649
0.00540821
0.00540992
0.00541164
0.00541335
0.00541507
0.00541678
0.0054185
0.00542021
0.00542192
0.00542364
0.00542535
0.00542707
0.00542878
0.0054305
0.00543221
0.00543393
0.00543564
0.00543736
0.00543907
0.00544078
0.0054425
0.00544421
0.00544593
0.00544764
0.00544936
0.00545107
0.00545279
0.0054545
0.00545622
0.00545793
0.00545964
0.00546136
0.00546307
0.00546479
0.0054665
0.00546822
0.00546993
0.00547165
0.00547336
0.00547508
0.00547679
0.0054785
0.00548022
0.00548193
0.00548365
0.00548536
0.00548708
0.00548879
0.00549051
0.00549222
0.00549394
0.00549565
0.00549736
0.00549908
0.00550079
0.00550251
0.00550422
0.00550594
0.00550765
0.00550937
0.00551108
0.0055128
0.00551451
0.00551622
0.00551794
0.00551965
0.00552137
0.00552308
0.0055248
0.00552651
0.00552823
0.00552994
0.00553165
0.00553337
0.00553508
0.0055368
0.00553851
0.00554023
0.00554194
0.00554366
0.00554537
0.00554709
0.0055488
0.00555051
0.00555223
0.00555394
0.00555566
0.00555737
0.00555909
0.0055608
0.00556252
0.00556423
0.00556595
0.00556766
0.00556937
0.00557109
0.0055728
0.00557452
0.00557623
0.00557795
0.00557966
0.00558138
0.00558309
0.00558481
0.00558652
0.00558823
0.00558995
0.00559166
0.00559338
0.00559509
0.00559681
0.00559852
0.00560024
0.00560195
0.00560367
0.00560538
0.00560709
0.00560881
0.00561052
0.00561224
0.00561395
0.00561567
0.00561738
0.0056191
0.00562081
0.00562253
0.00562424
0.00562595
0.00562767
0.00562938
0.0056311
0.00563281
0.00563453
0.00563624
0.00563796
0.00563967
0.00564139
0.0056431
0.00564481
0.00564653
0.00564824
0.00564996
0.00565167
0.00565339
0.0056551
0.00565682
0.00565853
0.00566025
0.00566196
0.00566367
0.00566539
0.0056671
0.00566882
0.00567053
0.00567225
0.00567396
0.00567568
0.00567739
0.00567911
0.00568082
0.00568253
0.00568425
0.00568596
0.00568768
0.00568939
0.00569111
0.00569282
0.00569454
0.00569625
0.00569797
0.00569968
0.00570139
0.00570311
0.00570482
0.00570654
0.00570825
0.00570997
0.00571168
0.0057134
0.00571511
0.00571683
0.00571854
0.00572025
0.00572197
0.00572368
0.0057254
0.00572711
0.00572883
0.00573054
0.00573226
0.00573397
0.00573569
0.0057374
0.00573911
0.00574083
0.00574254
0.00574426
0.00574597
0.00574769
0.0057494
0.00575112
0.00575283
0.00575455
0.00575626
0.00575797
0.00575969
0.0057614
0.00576312
0.00576483
0.00576655
0.00576826
0.00576998
0.00577169
0.00577341
0.00577512
0.00577683
0.00577855
0.00578026
0.00578198
0.00578369
0.00578541
0.00578712
0.00578884
0.00579055
0.00579227
0.00579398
0.00579569
0.00579741
0.00579912
0.00580084
0.00580255
0.00580427
0.00580598
0.0058077
0.00580941
0.00581113
0.00581284
0.00581455
0.00581627
0.00581798
0.0058197
0.00582141
0.00582313
0.00582484
0.00582656
0.00582827
0.00582999
0.0058317
0.00583341
0.00583513
0.00583684
0.00583856
0.00584027
0.00584199
0.0058437
0.00584542
0.00584713
0.00584885
0.00585056
0.00585227
0.00585399
0.0058557
0.00585742
0.00585913
0.00586085
0.00586256
0.00586428
0.00586599
0.00586771
0.00586942
0.00587113
0.00587285
0.00587456
0.00587628
0.00587799
0.00587971
0.00588142
0.00588314
0.00588485
0.00588657
0.00588828
0.00588999
0.00589171
0.00589342
0.00589514
0.00589685
0.00589857
0.00590028
0.005902
0.00590371
0.00590543
0.00590714
0.00590885
0.00591057
0.00591228
0.005914
0.00591571
0.00591743
0.00591914
0.00592086
0.00592257
0.00592428
0.005926
0.00592771
0.00592943
0.00593114
0.00593286
0.00593457
0.00593629
0.005938
0.00593972
0.00594143
0.00594314
0.00594486
0.00594657
0.00594829
0.00595
0.00595172
0.00595343
0.00595515
0.00595686
0.00595858
0.00596029
0.005962
0.00596372
0.00596543
0.00596715
0.00596886
0.00597058
0.00597229
0.00597401
0.00597572
0.00597744
0.00597915
0.00598086
0.00598258
0.00598429
0.00598601
0.00598772
0.00598944
0.00599115
0.00599287
0.00599458
0.0059963
0.00599801
0.00599972
0.00600144
0.00600315
0.00600487
0.00600658
0.0060083
0.00601001
0.00601173
0.00601344
0.00601516
0.00601687
0.00601858
0.0060203
0.00602201
0.00602373
0.00602544
0.00602716
0.00602887
0.00603059
0.0060323
0.00603402
0.00603573
0.00603744
0.00603916
0.00604087
0.00604259
0.0060443
0.00604602
0.00604773
0.00604945
0.00605116
0.00605288
0.00605459
0.0060563
0.00605802
0.00605973
0.00606145
0.00606316
0.00606488
0.00606659
0.00606831
0.00607002
0.00607174
0.00607345
0.00607516
0.00607688
0.00607859
0.00608031
0.00608202
0.00608374
0.00608545
0.00608717
0.00608888
0.0060906
0.00609231
0.00609402
0.00609574
0.00609745
0.00609917
0.00610088
0.0061026
0.00610431
0.00610603
0.00610774
0.00610946
0.00611117
0.00611288
0.0061146
0.00611631
0.00611803
0.00611974
0.00612146
0.00612317
0.00612489
0.0061266
0.00612832
0.00613003
0.00613174
0.00613346
0.00613517
0.00613689
0.0061386
0.00614032
0.00614203
0.00614375
0.00614546
0.00614718
0.00614889
0.0061506
0.00615232
0.00615403
0.00615575
0.00615746
0.00615918
0.00616089
0.00616261
0.00616432
0.00616604
0.00616775
0.00616946
0.00617118
0.00617289
0.00617461
0.00617632
0.00617804
0.00617975
0.00618147
0.00618318
0.0061849
0.00618661
0.00618832
0.00619004
0.00619175
0.00619347
0.00619518
0.0061969
0.00619861
0.00620033
0.00620204
0.00620376
0.00620547
0.00620718
0.0062089
0.00621061
0.00621233
0.00621404
0.00621576
0.00621747
0.00621919
0.0062209
0.00622262
0.00622433
0.00622604
0.00622776
0.00622947
0.00623119
0.0062329
0.00623462
0.00623633
0.00623805
0.00623976
0.00624148
0.00624319
0.0062449
0.00624662
0.00624833
0.00625005
0.00625176
0.00625348
0.00625519
0.00625691
0.00625862
0.00626034
0.00626205
0.00626376
0.00626548
0.00626719
0.00626891
0.00627062
0.00627234
0.00627405
0.00627577
0.00627748
0.0062792
0.00628091
0.00628262
0.00628434
0.00628605
0.00628777
0.00628948
0.0062912
0.00629291
0.00629463
0.00629634
0.00629806
0.00629977
0.00630148
0.0063032
0.00630491
0.00630663
0.00630834
0.00631006
0.00631177
0.00631349
0.0063152
0.00631691
0.00631863
0.00632034
0.00632206
0.00632377
0.00632549
0.0063272
0.00632892
0.00633063
0.00633235
0.00633406
0.00633577
0.00633749
0.0063392
0.00634092
0.00634263
0.00634435
0.00634606
0.00634778
0.00634949
0.00635121
0.00635292
0.00635463
0.00635635
0.00635806
0.00635978
0.00636149
0.00636321
0.00636492
0.00636664
0.00636835
0.00637007
0.00637178
0.00637349
0.00637521
0.00637692
0.00637864
0.00638035
0.00638207
0.00638378
0.0063855
0.00638721
0.00638893
0.00639064
0.00639235
0.00639407
0.00639578
0.0063975
0.00639921
0.00640093
0.00640264
0.00640436
0.00640607
0.00640779
0.0064095
0.00641121
0.00641293
0.00641464
0.00641636
0.00641807
0.00641979
0.0064215
0.00642322
0.00642493
0.00642665
0.00642836
0.00643007
0.00643179
0.0064335
0.00643522
0.00643693
0.00643865
0.00644036
0.00644208
0.00644379
0.00644551
0.00644722
0.00644893
0.00645065
0.00645236
0.00645408
0.00645579
0.00645751
0.00645922
0.00646094
0.00646265
0.00646437
0.00646608
0.00646779
0.00646951
0.00647122
0.00647294
0.00647465
0.00647637
0.00647808
0.0064798
0.00648151
0.00648323
0.00648494
0.00648665
0.00648837
0.00649008
0.0064918
0.00649351
0.00649523
0.00649694
0.00649866
0.00650037
0.00650209
0.0065038
0.00650551
0.00650723
0.00650894
0.00651066
0.00651237
0.00651409
0.0065158
0.00651752
0.00651923
0.00652095
0.00652266
0.00652437
0.00652609
0.0065278
0.00652952
0.00653123
0.00653295
0.00653466
0.00653638
0.00653809
0.00653981
0.00654152
0.00654323
0.00654495
0.00654666
0.00654838
0.00655009
0.00655181
0.00655352
0.00655524
0.00655695
0.00655867
0.00656038
0.00656209
0.00656381
0.00656552
0.00656724
0.00656895
0.00657067
0.00657238
0.0065741
0.00657581
0.00657753
0.00657924
0.00658095
0.00658267
0.00658438
0.0065861
0.00658781
0.00658953
0.00659124
0.00659296
0.00659467
0.00659639
0.0065981
0.00659981
0.00660153
0.00660324
0.00660496
0.00660667
0.00660839
0.0066101
0.00661182
0.00661353
0.00661525
0.00661696
0.00661867
0.00662039
0.0066221
0.00662382
0.00662553
0.00662725
0.00662896
0.00663068
0.00663239
0.00663411
0.00663582
0.00663753
0.00663925
0.00664096
0.00664268
0.00664439
0.00664611
0.00664782
0.00664954
0.00665125
0.00665297
0.00665468
0.00665639
0.00665811
0.00665982
0.00666154
0.00666325
0.00666497
0.00666668
0.0066684
0.00667011
0.00667183
0.00667354
0.00667525
0.00667697
0.00667868
0.0066804
0.00668211
0.00668383
0.00668554
0.00668726
0.00668897
0.00669069
0.0066924
0.00669411
0.00669583
0.00669754
0.00669926
0.00670097
0.00670269
0.0067044
0.00670612
0.00670783
0.00670954
0.00671126
0.00671297
0.00671469
0.0067164
0.00671812
0.00671983
0.00672155
0.00672326
0.00672498
0.00672669
0.0067284
0.00673012
0.00673183
0.00673355
0.00673526
0.00673698
0.00673869
0.00674041
0.00674212
0.00674384
0.00674555
0.00674726
0.00674898
0.00675069
0.00675241
0.00675412
0.00675584
0.00675755
0.00675927
0.00676098
0.0067627
0.00676441
0.00676612
0.00676784
0.00676955
0.00677127
0.00677298
0.0067747
0.00677641
0.00677813
0.00677984
0.00678156
0.00678327
0.00678498
0.0067867
0.00678841
0.00679013
0.00679184
0.00679356
0.00679527
0.00679699
0.0067987
0.00680042
0.00680213
0.00680384
0.00680556
0.00680727
0.00680899
0.0068107
0.00681242
0.00681413
0.00681585
0.00681756
0.00681928
0.00682099
0.0068227
0.00682442
0.00682613
0.00682785
0.00682956
0.00683128
0.00683299
0.00683471
0.00683642
0.00683814
0.00683985
0.00684156
0.00684328
0.00684499
0.00684671
0.00684842
0.00685014
0.00685185
0.00685357
0.00685528
0.006857
0.00685871
0.00686042
0.00686214
0.00686385
0.00686557
0.00686728
0.006869
0.00687071
0.00687243
0.00687414
0.00687586
0.00687757
0.00687928
0.006881
0.00688271
0.00688443
0.00688614
0.00688786
0.00688957
0.00689129
0.006893
0.00689472
0.00689643
0.00689814
0.00689986
0.00690157
0.00690329
0.006905
0.00690672
0.00690843
0.00691015
0.00691186
0.00691358
0.00691529
0.006917
0.00691872
0.00692043
0.00692215
0.00692386
0.00692558
0.00692729
0.00692901
0.00693072
0.00693244
0.00693415
0.00693586
0.00693758
0.00693929
0.00694101
0.00694272
0.00694444
0.00694615
0.00694787
0.00694958
0.0069513
0.00695301
0.00695472
0.00695644
0.00695815
0.00695987
0.00696158
0.0069633
0.00696501
0.00696673
0.00696844
0.00697016
0.00697187
0.00697358
0.0069753
0.00697701
0.00697873
0.00698044
0.00698216
0.00698387
0.00698559
0.0069873
0.00698902
0.00699073
0.00699244
0.00699416
0.00699587
0.00699759
0.0069993
0.00700102
0.00700273
0.00700445
0.0070061