1.04282e-05
1.25738e-05
1.47194e-05
1.6865e-05
1.90106e-05
2.11562e-05
2.33018e-05
2.54474e-05
2.7593e-05
2.97386e-05
3.18842e-05
3.40298e-05
3.61754e-05
3.8321e-05
4.04666e-05
4.26122e-05
4.47578e-05
4.69034e-05
4.9049e-05
5.11946e-05
5.33402e-05
5.54858e-05
5.76314e-05
5.9777e-05
6.19226e-05
6.40682e-05
6.62138e-05
6.83594e-05
7.0505e-05
7.26507e-05
7.47963e-05
7.69419e-05
7.90875e-05
8.12331e-05
8.33787e-05
8.55243e-05
8.76699e-05
8.98155e-05
9.19611e-05
9.41067e-05
9.62523e-05
9.83979e-05
0.000100543
0.000102689
0.000104835
0.00010698
0.000109126
0.000111271
0.000113417
0.000115563
0.000117708
0.000119854
0.000122
0.000124145
0.000126291
0.000128436
0.000130582
0.000132728
0.000134873
0.000137019
0.000139164
0.00014131
0.000143456
0.000145601
0.000147747
0.000149892
0.000152038
0.000154184
0.000156329
0.000158475
0.00016062
0.000162766
0.000164912
0.000167057
0.000169203
0.000171348
0.000173494
0.00017564
0.000177785
0.000179931
0.000182076
0.000184222
0.000186368
0.000188513
0.000190659
0.000192804
0.00019495
0.000197096
0.000199241
0.000201387
0.000203532
0.000205678
0.000207824
0.000209969
0.000212115
0.00021426
0.000216406
0.000218552
0.000220697
0.000222843
0.000224988
0.000227134
0.00022928
0.000231425
0.000233571
0.000235716
0.000237862
0.000240008
0.000242153
0.000244299
0.000246444
0.00024859
0.000250736
0.000252881
0.000255027
0.000257172
0.000259318
0.000261464
0.000263609
0.000265755
0.0002679
0.000270046
0.000272192
0.000274337
0.000276483
0.000278629
0.000280774
0.00028292
0.000285065
0.000287211
0.000289357
0.000291502
0.000293648
0.000295793
0.000297939
0.000300085
0.00030223
0.000304376
0.000306521
0.000308667
0.000310813
0.000312958
0.000315104
0.000317249
0.000319395
0.000321541
0.000323686
0.000325832
0.000327977
0.000330123
0.000332269
0.000334414
0.00033656
0.000338705
0.000340851
0.000342997
0.000345142
0.000347288
0.000349433
0.000351579
0.000353725
0.00035587
0.000358016
0.000360161
0.000362307
0.000364453
0.000366598
0.000368744
0.000370889
0.000373035
0.000375181
0.000377326
0.000379472
0.000381617
0.000383763
0.000385909
0.000388054
0.0003902
0.000392345
0.000394491
0.000396637
0.000398782
0.000400928
0.000403073
0.000405219
0.000407365
0.00040951
0.000411656
0.000413801
0.000415947
0.000418093
0.000420238
0.000422384
0.000424529
0.000426675
0.000428821
0.000430966
0.000433112
0.000435258
0.000437403
0.000439549
0.000441694
0.00044384
0.000445986
0.000448131
0.000450277
0.000452422
0.000454568
0.000456714
0.000458859
0.000461005
0.00046315
0.000465296
0.000467442
0.000469587
0.000471733
0.000473878
0.000476024
0.00047817
0.000480315
0.000482461
0.000484606
0.000486752
0.000488898
0.000491043
0.000493189
0.000495334
0.00049748
0.000499626
0.000501771
0.000503917
0.000506062
0.000508208
0.000510354
0.000512499
0.000514645
0.00051679
0.000518936
0.000521082
0.000523227
0.000525373
0.000527518
0.000529664
0.00053181
0.000533955
0.000536101
0.000538246
0.000540392
0.000542538
0.000544683
0.000546829
0.000548974
0.00055112
0.000553266
0.000555411
0.000557557
0.000559702
0.000561848
0.000563994
0.000566139
0.000568285
0.00057043
0.000572576
0.000574722
0.000576867
0.000579013
0.000581158
0.000583304
0.00058545
0.000587595
0.000589741
0.000591886
0.000594032
0.000596178
0.000598323
0.000600469
0.000602615
0.00060476
0.000606906
0.000609051
0.000611197
0.000613343
0.000615488
0.000617634
0.000619779
0.000621925
0.000624071
0.000626216
0.000628362
0.000630507
0.000632653
0.000634799
0.000636944
0.00063909
0.000641235
0.000643381
0.000645527
0.000647672
0.000649818
0.000651963
0.000654109
0.000656255
0.0006584
0.000660546
0.000662691
0.000664837
0.000666983
0.000669128
0.000671274
0.000673419
0.000675565
0.000677711
0.000679856
0.000682002
0.000684147
0.000686293
0.000688439
0.000690584
0.00069273
0.000694875
0.000697021
0.000699167
0.000701312
0.000703458
0.000705603
0.000707749
0.000709895
0.00071204
0.000714186
0.000716331
0.000718477
0.000720623
0.000722768
0.000724914
0.000727059
0.000729205
0.000731351
0.000733496
0.000735642
0.000737787
0.000739933
0.000742079
0.000744224
0.00074637
0.000748515
0.000750661
0.000752807
0.000754952
0.000757098
0.000759244
0.000761389
0.000763535
0.00076568
0.000767826
0.000769972
0.000772117
0.000774263
0.000776408
0.000778554
0.0007807
0.000782845
0.000784991
0.000787136
0.000789282
0.000791428
0.000793573
0.000795719
0.000797864
0.00080001
0.000802156
0.000804301
0.000806447
0.000808592
0.000810738
0.000812884
0.000815029
0.000817175
0.00081932
0.000821466
0.000823612
0.000825757
0.000827903
0.000830048
0.000832194
0.00083434
0.000836485
0.000838631
0.000840776
0.000842922
0.000845068
0.000847213
0.000849359
0.000851504
0.00085365
0.000855796
0.000857941
0.000860087
0.000862232
0.000864378
0.000866524
0.000868669
0.000870815
0.00087296
0.000875106
0.000877252
0.000879397
0.000881543
0.000883688
0.000885834
0.00088798
0.000890125
0.000892271
0.000894416
0.000896562
0.000898708
0.000900853
0.000902999
0.000905144
0.00090729
0.000909436
0.000911581
0.000913727
0.000915872
0.000918018
0.000920164
0.000922309
0.000924455
0.000926601
0.000928746
0.000930892
0.000933037
0.000935183
0.000937329
0.000939474
0.00094162
0.000943765
0.000945911
0.000948057
0.000950202
0.000952348
0.000954493
0.000956639
0.000958785
0.00096093
0.000963076
0.000965221
0.000967367
0.000969513
0.000971658
0.000973804
0.000975949
0.000978095
0.000980241
0.000982386
0.000984532
0.000986677
0.000988823
0.000990969
0.000993114
0.00099526
0.000997405
0.000999551
0.0010017
0.00100384
0.00100599
0.00100813
0.00101028
0.00101242
0.00101457
0.00101672
0.00101886
0.00102101
0.00102315
0.0010253
0.00102744
0.00102959
0.00103174
0.00103388
0.00103603
0.00103817
0.00104032
0.00104246
0.00104461
0.00104675
0.0010489
0.00105105
0.00105319
0.00105534
0.00105748
0.00105963
0.00106177
0.00106392
0.00106606
0.00106821
0.00107036
0.0010725
0.00107465
0.00107679
0.00107894
0.00108108
0.00108323
0.00108538
0.00108752
0.00108967
0.00109181
0.00109396
0.0010961
0.00109825
0.00110039
0.00110254
0.00110469
0.00110683
0.00110898
0.00111112
0.00111327
0.00111541
0.00111756
0.0011197
0.00112185
0.001124
0.00112614
0.00112829
0.00113043
0.00113258
0.00113472
0.00113687
0.00113902
0.00114116
0.00114331
0.00114545
0.0011476
0.00114974
0.00115189
0.00115403
0.00115618
0.00115833
0.00116047
0.00116262
0.00116476
0.00116691
0.00116905
0.0011712
0.00117334
0.00117549
0.00117764
0.00117978
0.00118193
0.00118407
0.00118622
0.00118836
0.00119051
0.00119266
0.0011948
0.00119695
0.00119909
0.00120124
0.00120338
0.00120553
0.00120767
0.00120982
0.00121197
0.00121411
0.00121626
0.0012184
0.00122055
0.00122269
0.00122484
0.00122698
0.00122913
0.00123128
0.00123342
0.00123557
0.00123771
0.00123986
0.001242
0.00124415
0.0012463
0.00124844
0.00125059
0.00125273
0.00125488
0.00125702
0.00125917
0.00126131
0.00126346
0.00126561
0.00126775
0.0012699
0.00127204
0.00127419
0.00127633
0.00127848
0.00128062
0.00128277
0.00128492
0.00128706
0.00128921
0.00129135
0.0012935
0.00129564
0.00129779
0.00129994
0.00130208
0.00130423
0.00130637
0.00130852
0.00131066
0.00131281
0.00131495
0.0013171
0.00131925
0.00132139
0.00132354
0.00132568
0.00132783
0.00132997
0.00133212
0.00133427
0.00133641
0.00133856
0.0013407
0.00134285
0.00134499
0.00134714
0.00134928
0.00135143
0.00135358
0.00135572
0.00135787
0.00136001
0.00136216
0.0013643
0.00136645
0.00136859
0.00137074
0.00137289
0.00137503
0.00137718
0.00137932
0.00138147
0.00138361
0.00138576
0.00138791
0.00139005
0.0013922
0.00139434
0.00139649
0.00139863
0.00140078
0.00140292
0.00140507
0.00140722
0.00140936
0.00141151
0.00141365
0.0014158
0.00141794
0.00142009
0.00142223
0.00142438
0.00142653
0.00142867
0.00143082
0.00143296
0.00143511
0.00143725
0.0014394
0.00144155
0.00144369
0.00144584
0.00144798
0.00145013
0.00145227
0.00145442
0.00145656
0.00145871
0.00146086
0.001463
0.00146515
0.00146729
0.00146944
0.00147158
0.00147373
0.00147587
0.00147802
0.00148017
0.00148231
0.00148446
0.0014866
0.00148875
0.00149089
0.00149304
0.00149519
0.00149733
0.00149948
0.00150162
0.00150377
0.00150591
0.00150806
0.0015102
0.00151235
0.0015145
0.00151664
0.00151879
0.00152093
0.00152308
0.00152522
0.00152737
0.00152951
0.00153166
0.00153381
0.00153595
0.0015381
0.00154024
0.00154239
0.00154453
0.00154668
0.00154883
0.00155097
0.00155312
0.00155526
0.00155741
0.00155955
0.0015617
0.00156384
0.00156599
0.00156814
0.00157028
0.00157243
0.00157457
0.00157672
0.00157886
0.00158101
0.00158315
0.0015853
0.00158745
0.00158959
0.00159174
0.00159388
0.00159603
0.00159817
0.00160032
0.00160247
0.00160461
0.00160676
0.0016089
0.00161105
0.00161319
0.00161534
0.00161748
0.00161963
0.00162178
0.00162392
0.00162607
0.00162821
0.00163036
0.0016325
0.00163465
0.00163679
0.00163894
0.00164109
0.00164323
0.00164538
0.00164752
0.00164967
0.00165181
0.00165396
0.00165611
0.00165825
0.0016604
0.00166254
0.00166469
0.00166683
0.00166898
0.00167112
0.00167327
0.00167542
0.00167756
0.00167971
0.00168185
0.001684
0.00168614
0.00168829
0.00169044
0.00169258
0.00169473
0.00169687
0.00169902
0.00170116
0.00170331
0.00170545
0.0017076
0.00170975
0.00171189
0.00171404
0.00171618
0.00171833
0.00172047
0.00172262
0.00172476
0.00172691
0.00172906
0.0017312
0.00173335
0.00173549
0.00173764
0.00173978
0.00174193
0.00174408
0.00174622
0.00174837
0.00175051
0.00175266
0.0017548
0.00175695
0.00175909
0.00176124
0.00176339
0.00176553
0.00176768
0.00176982
0.00177197
0.00177411
0.00177626
0.0017784
0.00178055
0.0017827
0.00178484
0.00178699
0.00178913
0.00179128
0.00179342
0.00179557
0.00179772
0.00179986
0.00180201
0.00180415
0.0018063
0.00180844
0.00181059
0.00181273
0.00181488
0.00181703
0.00181917
0.00182132
0.00182346
0.00182561
0.00182775
0.0018299
0.00183204
0.00183419
0.00183634
0.00183848
0.00184063
0.00184277
0.00184492
0.00184706
0.00184921
0.00185136
0.0018535
0.00185565
0.00185779
0.00185994
0.00186208
0.00186423
0.00186637
0.00186852
0.00187067
0.00187281
0.00187496
0.0018771
0.00187925
0.00188139
0.00188354
0.00188568
0.00188783
0.00188998
0.00189212
0.00189427
0.00189641
0.00189856
0.0019007
0.00190285
0.001905
0.00190714
0.00190929
0.00191143
0.00191358
0.00191572
0.00191787
0.00192001
0.00192216
0.00192431
0.00192645
0.0019286
0.00193074
0.00193289
0.00193503
0.00193718
0.00193932
0.00194147
0.00194362
0.00194576
0.00194791
0.00195005
0.0019522
0.00195434
0.00195649
0.00195864
0.00196078
0.00196293
0.00196507
0.00196722
0.00196936
0.00197151
0.00197365
0.0019758
0.00197795
0.00198009
0.00198224
0.00198438
0.00198653
0.00198867
0.00199082
0.00199297
0.00199511
0.00199726
0.0019994
0.00200155
0.00200369
0.00200584
0.00200798
0.00201013
0.00201228
0.00201442
0.00201657
0.00201871
0.00202086
0.002023
0.00202515
0.00202729
0.00202944
0.00203159
0.00203373
0.00203588
0.00203802
0.00204017
0.00204231
0.00204446
0.00204661
0.00204875
0.0020509
0.00205304
0.00205519
0.00205733
0.00205948
0.00206162
0.00206377
0.00206592
0.00206806
0.00207021
0.00207235
0.0020745
0.00207664
0.00207879
0.00208093
0.00208308
0.00208523
0.00208737
0.00208952
0.00209166
0.00209381
0.00209595
0.0020981
0.00210025
0.00210239
0.00210454
0.00210668
0.00210883
0.00211097
0.00211312
0.00211526
0.00211741
0.00211956
0.0021217
0.00212385
0.00212599
0.00212814
0.00213028
0.00213243
0.00213457
0.00213672
0.00213887
0.00214101
0.00214316
0.0021453
0.00214745
0.00214959
0.00215174
0.00215389
0.00215603
0.00215818
0.00216032
0.00216247
0.00216461
0.00216676
0.0021689
0.00217105
0.0021732
0.00217534
0.00217749
0.00217963
0.00218178
0.00218392
0.00218607
0.00218821
0.00219036
0.00219251
0.00219465
0.0021968
0.00219894
0.00220109
0.00220323
0.00220538
0.00220753
0.00220967
0.00221182
0.00221396
0.00221611
0.00221825
0.0022204
0.00222254
0.00222469
0.00222684
0.00222898
0.00223113
0.00223327
0.00223542
0.00223756
0.00223971
0.00224185
0.002244
0.00224615
0.00224829
0.00225044
0.00225258
0.00225473
0.00225687
0.00225902
0.00226117
0.00226331
0.00226546
0.0022676
0.00226975
0.00227189
0.00227404
0.00227618
0.00227833
0.00228048
0.00228262
0.00228477
0.00228691
0.00228906
0.0022912
0.00229335
0.0022955
0.00229764
0.00229979
0.00230193
0.00230408
0.00230622
0.00230837
0.00231051
0.00231266
0.00231481
0.00231695
0.0023191
0.00232124
0.00232339
0.00232553
0.00232768
0.00232982
0.00233197
0.00233412
0.00233626
0.00233841
0.00234055
0.0023427
0.00234484
0.00234699
0.00234914
0.00235128
0.00235343
0.00235557
0.00235772
0.00235986
0.00236201
0.00236415
0.0023663
0.00236845
0.00237059
0.00237274
0.00237488
0.00237703
0.00237917
0.00238132
0.00238346
0.00238561
0.00238776
0.0023899
0.00239205
0.00239419
0.00239634
0.00239848
0.00240063
0.00240278
0.00240492
0.00240707
0.00240921
0.00241136
0.0024135
0.00241565
0.00241779
0.00241994
0.00242209
0.00242423
0.00242638
0.00242852
0.00243067
0.00243281
0.00243496
0.0024371
0.00243925
0.0024414
0.00244354
0.00244569
0.00244783
0.00244998
0.00245212
0.00245427
0.00245642
0.00245856
0.00246071
0.00246285
0.002465
0.00246714
0.00246929
0.00247143
0.00247358
0.00247573
0.00247787
0.00248002
0.00248216
0.00248431
0.00248645
0.0024886
0.00249074
0.00249289
0.00249504
0.00249718
0.00249933
0.00250147
0.00250362
0.00250576
0.00250791
0.00251006
0.0025122
0.00251435
0.00251649
0.00251864
0.00252078
0.00252293
0.00252507
0.00252722
0.00252937
0.00253151
0.00253366
0.0025358
0.00253795
0.00254009
0.00254224
0.00254438
0.00254653
0.00254868
0.00255082
0.00255297
0.00255511
0.00255726
0.0025594
0.00256155
0.0025637
0.00256584
0.00256799
0.00257013
0.00257228
0.00257442
0.00257657
0.00257871
0.00258086
0.00258301
0.00258515
0.0025873
0.00258944
0.00259159
0.00259373
0.00259588
0.00259802
0.00260017
0.00260232
0.00260446
0.00260661
0.00260875
0.0026109
0.00261304
0.00261519
0.00261734
0.00261948
0.00262163
0.00262377
0.00262592
0.00262806
0.00263021
0.00263235
0.0026345
0.00263665
0.00263879
0.00264094
0.00264308
0.00264523
0.00264737
0.00264952
0.00265167
0.00265381
0.00265596
0.0026581
0.00266025
0.00266239
0.00266454
0.00266668
0.00266883
0.00267098
0.00267312
0.00267527
0.00267741
0.00267956
0.0026817
0.00268385
0.00268599
0.00268814
0.00269029
0.00269243
0.00269458
0.00269672
0.00269887
0.00270101
0.00270316
0.00270531
0.00270745
0.0027096
0.00271174
0.00271389
0.00271603
0.00271818
0.00272032
0.00272247
0.00272462
0.00272676
0.00272891
0.00273105
0.0027332
0.00273534
0.00273749
0.00273963
0.00274178
0.00274393
0.00274607
0.00274822
0.00275036
0.00275251
0.00275465
0.0027568
0.00275895
0.00276109
0.00276324
0.00276538
0.00276753
0.00276967
0.00277182
0.00277396
0.00277611
0.00277826
0.0027804
0.00278255
0.00278469
0.00278684
0.00278898
0.00279113
0.00279327
0.00279542
0.00279757
0.00279971
0.00280186
0.002804
0.00280615
0.00280829
0.00281044
0.00281259
0.00281473
0.00281688
0.00281902
0.00282117
0.00282331
0.00282546
0.0028276
0.00282975
0.0028319
0.00283404
0.00283619
0.00283833
0.00284048
0.00284262
0.00284477
0.00284691
0.00284906
0.00285121
0.00285335
0.0028555
0.00285764
0.00285979
0.00286193
0.00286408
0.00286623
0.00286837
0.00287052
0.00287266
0.00287481
0.00287695
0.0028791
0.00288124
0.00288339
0.00288554
0.00288768
0.00288983
0.00289197
0.00289412
0.00289626
0.00289841
0.00290055
0.0029027
0.00290485
0.00290699
0.00290914
0.00291128
0.00291343
0.00291557
0.00291772
0.00291987
0.00292201
0.00292416
0.0029263
0.00292845
0.00293059
0.00293274
0.00293488
0.00293703
0.00293918
0.00294132
0.00294347
0.00294561
0.00294776
0.0029499
0.00295205
0.0029542
0.00295634
0.00295849
0.00296063
0.00296278
0.00296492
0.00296707
0.00296921
0.00297136
0.00297351
0.00297565
0.0029778
0.00297994
0.00298209
0.00298423
0.00298638
0.00298852
0.00299067
0.00299282
0.00299496
0.00299711
0.00299925
0.0030014
0.00300354
0.00300569
0.00300784
0.00300998
0.00301213
0.00301427
0.00301642
0.00301856
0.00302071
0.00302285
0.003025
0.00302715
0.00302929
0.00303144
0.00303358
0.00303573
0.00303787
0.00304002
0.00304216
0.00304431
0.00304646
0.0030486
0.00305075
0.00305289
0.00305504
0.00305718
0.00305933
0.00306148
0.00306362
0.00306577
0.00306791
0.00307006
0.0030722
0.00307435
0.00307649
0.00307864
0.00308079
0.00308293
0.00308508
0.00308722
0.00308937
0.00309151
0.00309366
0.0030958
0.00309795
0.0031001
0.00310224
0.00310439
0.00310653
0.00310868
0.00311082
0.00311297
0.00311512
0.00311726
0.00311941
0.00312155
0.0031237
0.00312584
0.00312799
0.00313013
0.00313228
0.00313443
0.00313657
0.00313872
0.00314086
0.00314301
0.00314515
0.0031473
0.00314944
0.00315159
0.00315374
0.00315588
0.00315803
0.00316017
0.00316232
0.00316446
0.00316661
0.00316876
0.0031709
0.00317305
0.00317519
0.00317734
0.00317948
0.00318163
0.00318377
0.00318592
0.00318807
0.00319021
0.00319236
0.0031945
0.00319665
0.00319879
0.00320094
0.00320308
0.00320523
0.00320738
0.00320952
0.00321167
0.00321381
0.00321596
0.0032181
0.00322025
0.0032224
0.00322454
0.00322669
0.00322883
0.00323098
0.00323312
0.00323527
0.00323741
0.00323956
0.00324171
0.00324385
0.003246
0.00324814
0.00325029
0.00325243
0.00325458
0.00325672
0.00325887
0.00326102
0.00326316
0.00326531
0.00326745
0.0032696
0.00327174
0.00327389
0.00327604
0.00327818
0.00328033
0.00328247
0.00328462
0.00328676
0.00328891
0.00329105
0.0032932
0.00329535
0.00329749
0.00329964
0.00330178
0.00330393
0.00330607
0.00330822
0.00331037
0.00331251
0.00331466
0.0033168
0.00331895
0.00332109
0.00332324
0.00332538
0.00332753
0.00332968
0.00333182
0.00333397
0.00333611
0.00333826
0.0033404
0.00334255
0.00334469
0.00334684
0.00334899
0.00335113
0.00335328
0.00335542
0.00335757
0.00335971
0.00336186
0.00336401
0.00336615
0.0033683
0.00337044
0.00337259
0.00337473
0.00337688
0.00337902
0.00338117
0.00338332
0.00338546
0.00338761
0.00338975
0.0033919
0.00339404
0.00339619
0.00339833
0.00340048
0.00340263
0.00340477
0.00340692
0.00340906
0.00341121
0.00341335
0.0034155
0.00341765
0.00341979
0.00342194
0.00342408
0.00342623
0.00342837
0.00343052
0.00343266
0.00343481
0.00343696
0.0034391
0.00344125
0.00344339
0.00344554
0.00344768
0.00344983
0.00345197
0.00345412
0.00345627
0.00345841
0.00346056
0.0034627
0.00346485
0.00346699
0.00346914
0.00347129
0.00347343
0.00347558
0.00347772
0.00347987
0.00348201
0.00348416
0.0034863
0.00348845
0.0034906
0.00349274
0.00349489
0.00349703
0.00349918
0.00350132
0.00350347
0.00350561
0.00350776
0.00350991
0.00351205
0.0035142
0.00351634
0.00351849
0.00352063
0.00352278
0.00352493
0.00352707
0.00352922
0.00353136
0.00353351
0.00353565
0.0035378
0.00353994
0.00354209
0.00354424
0.00354638
0.00354853
0.00355067
0.00355282
0.00355496
0.00355711
0.00355925
0.0035614
0.00356355
0.00356569
0.00356784
0.00356998
0.00357213
0.00357427
0.00357642
0.00357857
0.00358071
0.00358286
0.003585
0.00358715
0.00358929
0.00359144
0.00359358
0.00359573
0.00359788
0.00360002
0.00360217
0.00360431
0.00360646
0.0036086
0.00361075
0.0036129
0.00361504
0.00361719
0.00361933
0.00362148
0.00362362
0.00362577
0.00362791
0.00363006
0.00363221
0.00363435
0.0036365
0.00363864
0.00364079
0.00364293
0.00364508
0.00364722
0.00364937
0.00365152
0.00365366
0.00365581
0.00365795
0.0036601
0.00366224
0.00366439
0.00366654
0.00366868
0.00367083
0.00367297
0.00367512
0.00367726
0.00367941
0.00368155
0.0036837
0.00368585
0.00368799
0.00369014
0.00369228
0.00369443
0.00369657
0.00369872
0.00370086
0.00370301
0.00370516
0.0037073
0.00370945
0.00371159
0.00371374
0.00371588
0.00371803
0.00372018
0.00372232
0.00372447
0.00372661
0.00372876
0.0037309
0.00373305
0.00373519
0.00373734
0.00373949
0.00374163
0.00374378
0.00374592
0.00374807
0.00375021
0.00375236
0.0037545
0.00375665
0.0037588
0.00376094
0.00376309
0.00376523
0.00376738
0.00376952
0.00377167
0.00377382
0.00377596
0.00377811
0.00378025
0.0037824
0.00378454
0.00378669
0.00378883
0.00379098
0.00379313
0.00379527
0.00379742
0.00379956
0.00380171
0.00380385
0.003806
0.00380814
0.00381029
0.00381244
0.00381458
0.00381673
0.00381887
0.00382102
0.00382316
0.00382531
0.00382746
0.0038296
0.00383175
0.00383389
0.00383604
0.00383818
0.00384033
0.00384247
0.00384462
0.00384677
0.00384891
0.00385106
0.0038532
0.00385535
0.00385749
0.00385964
0.00386178
0.00386393
0.00386608
0.00386822
0.00387037
0.00387251
0.00387466
0.0038768
0.00387895
0.0038811
0.00388324
0.00388539
0.00388753
0.00388968
0.00389182
0.00389397
0.00389611
0.00389826
0.00390041
0.00390255
0.0039047
0.00390684
0.00390899
0.00391113
0.00391328
0.00391543
0.00391757
0.00391972
0.00392186
0.00392401
0.00392615
0.0039283
0.00393044
0.00393259
0.00393474
0.00393688
0.00393903
0.00394117
0.00394332
0.00394546
0.00394761
0.00394975
0.0039519
0.00395405
0.00395619
0.00395834
0.00396048
0.00396263
0.00396477
0.00396692
0.00396907
0.00397121
0.00397336
0.0039755
0.00397765
0.00397979
0.00398194
0.00398408
0.00398623
0.00398838
0.00399052
0.00399267
0.00399481
0.00399696
0.0039991
0.00400125
0.00400339
0.00400554
0.00400769
0.00400983
0.00401198
0.00401412
0.00401627
0.00401841
0.00402056
0.00402271
0.00402485
0.004027
0.00402914
0.00403129
0.00403343
0.00403558
0.00403772
0.00403987
0.00404202
0.00404416
0.00404631
0.00404845
0.0040506
0.00405274
0.00405489
0.00405703
0.00405918
0.00406133
0.00406347
0.00406562
0.00406776
0.00406991
0.00407205
0.0040742
0.00407635
0.00407849
0.00408064
0.00408278
0.00408493
0.00408707
0.00408922
0.00409136
0.00409351
0.00409566
0.0040978
0.00409995
0.00410209
0.00410424
0.00410638
0.00410853
0.00411067
0.00411282
0.00411497
0.00411711
0.00411926
0.0041214
0.00412355
0.00412569
0.00412784
0.00412999
0.00413213
0.00413428
0.00413642
0.00413857
0.00414071
0.00414286
0.004145
0.00414715
0.0041493
0.00415144
0.00415359
0.00415573
0.00415788
0.00416002
0.00416217
0.00416431
0.00416646
0.00416861
0.00417075
0.0041729
0.00417504
0.00417719
0.00417933
0.00418148
0.00418363
0.00418577
0.00418792
0.00419006
0.00419221
0.00419435
0.0041965
0.00419864
0.00420079
0.00420294
0.00420508
0.00420723
0.00420937
0.00421152
0.00421366
0.00421581
0.00421795
0.0042201
0.00422225
0.00422439
0.00422654
0.00422868
0.00423083
0.00423297
0.00423512
0.00423727
0.00423941
0.00424156
0.0042437
0.00424585
0.00424799
0.00425014
0.00425228
0.00425443
0.00425658
0.00425872
0.00426087
0.00426301
0.00426516
0.0042673
0.00426945
0.0042716
0.00427374
0.00427589
0.00427803
0.00428018
0.00428232
0.00428447
0.00428661
0.00428876
0.00429091
0.00429305
0.0042952
0.00429734
0.00429949
0.00430163
0.00430378
0.00430592
0.00430807
0.00431022
0.00431236
0.00431451
0.00431665
0.0043188
0.00432094
0.00432309
0.00432524
0.00432738
0.00432953
0.00433167
0.00433382
0.00433596
0.00433811
0.00434025
0.0043424
0.00434455
0.00434669
0.00434884
0.00435098
0.00435313
0.00435527
0.00435742
0.00435956
0.00436171
0.00436386
0.004366
0.00436815
0.00437029
0.00437244
0.00437458
0.00437673
0.00437888
0.00438102
0.00438317
0.00438531
0.00438746
0.0043896
0.00439175
0.00439389
0.00439604
0.00439819
0.00440033
0.00440248
0.00440462
0.00440677
0.00440891
0.00441106
0.0044132
0.00441535
0.0044175
0.00441964
0.00442179
0.00442393
0.00442608
0.00442822
0.00443037
0.00443252
0.00443466
0.00443681
0.00443895
0.0044411
0.00444324
0.00444539
0.00444753
0.00444968
0.00445183
0.00445397
0.00445612
0.00445826
0.00446041
0.00446255
0.0044647
0.00446684
0.00446899
0.00447114
0.00447328
0.00447543
0.00447757
0.00447972
0.00448186
0.00448401
0.00448616
0.0044883
0.00449045
0.00449259
0.00449474
0.00449688
0.00449903
0.00450117
0.00450332
0.00450547
0.00450761
0.00450976
0.0045119
0.00451405
0.00451619
0.00451834
0.00452048
0.00452263
0.00452478
0.00452692
0.00452907
0.00453121
0.00453336
0.0045355
0.00453765
0.0045398
0.00454194
0.00454409
0.00454623
0.00454838
0.00455052
0.00455267
0.00455481
0.00455696
0.00455911
0.00456125
0.0045634
0.00456554
0.00456769
0.00456983
0.00457198
0.00457413
0.00457627
0.00457842
0.00458056
0.00458271
0.00458485
0.004587
0.00458914
0.00459129
0.00459344
0.00459558
0.00459773
0.00459987
0.00460202
0.00460416
0.00460631
0.00460845
0.0046106
0.00461275
0.00461489
0.00461704
0.00461918
0.00462133
0.00462347
0.00462562
0.00462777
0.00462991
0.00463206
0.0046342
0.00463635
0.00463849
0.00464064
0.00464278
0.00464493
0.00464708
0.00464922
0.00465137
0.00465351
0.00465566
0.0046578
0.00465995
0.00466209
0.00466424
0.00466639
0.00466853
0.00467068
0.00467282
0.00467497
0.00467711
0.00467926
0.00468141
0.00468355
0.0046857
0.00468784
0.00468999
0.00469213
0.00469428
0.00469642
0.00469857
0.00470072
0.00470286
0.00470501
0.00470715
0.0047093
0.00471144
0.00471359
0.00471573
0.00471788
0.00472003
0.00472217
0.00472432
0.00472646
0.00472861
0.00473075
0.0047329
0.00473505
0.00473719
0.00473934
0.00474148
0.00474363
0.00474577
0.00474792
0.00475006
0.00475221
0.00475436
0.0047565
0.00475865
0.00476079
0.00476294
0.00476508
0.00476723
0.00476937
0.00477152
0.00477367
0.00477581
0.00477796
0.0047801
0.00478225
0.00478439
0.00478654
0.00478869
0.00479083
0.00479298
0.00479512
0.00479727
0.00479941
0.00480156
0.0048037
0.00480585
0.004808
0.00481014
0.00481229
0.00481443
0.00481658
0.00481872
0.00482087
0.00482301
0.00482516
0.00482731
0.00482945
0.0048316
0.00483374
0.00483589
0.00483803
0.00484018
0.00484233
0.00484447
0.00484662
0.00484876
0.00485091
0.00485305
0.0048552
0.00485734
0.00485949
0.00486164
0.00486378
0.00486593
0.00486807
0.00487022
0.00487236
0.00487451
0.00487666
0.0048788
0.00488095
0.00488309
0.00488524
0.00488738
0.00488953
0.00489167
0.00489382
0.00489597
0.00489811
0.00490026
0.0049024
0.00490455
0.00490669
0.00490884
0.00491098
0.00491313
0.00491528
0.00491742
0.00491957
0.00492171
0.00492386
0.004926
0.00492815
0.0049303
0.00493244
0.00493459
0.00493673
0.00493888
0.00494102
0.00494317
0.00494531
0.00494746
0.00494961
0.00495175
0.0049539
0.00495604
0.00495819
0.00496033
0.00496248
0.00496462
0.00496677
0.00496892
0.00497106
0.00497321
0.00497535
0.0049775
0.00497964
0.00498179
0.00498394
0.00498608
0.00498823
0.00499037
0.00499252
0.00499466
0.00499681
0.00499895
0.0050011
0.00500325
0.00500539
0.00500754
0.00500968
0.00501183
0.00501397
0.00501612
0.00501826
0.00502041
0.00502256
0.0050247
0.00502685
0.00502899
0.00503114
0.00503328
0.00503543
0.00503758
0.00503972
0.00504187
0.00504401
0.00504616
0.0050483
0.00505045
0.00505259
0.00505474
0.00505689
0.00505903
0.00506118
0.00506332
0.00506547
0.00506761
0.00506976
0.0050719
0.00507405
0.0050762
0.00507834
0.00508049
0.00508263
0.00508478
0.00508692
0.00508907
0.00509122
0.00509336
0.00509551
0.00509765
0.0050998
0.00510194
0.00510409
0.00510623
0.00510838
0.00511053
0.00511267
0.00511482
0.00511696
0.00511911
0.00512125
0.0051234
0.00512554
0.00512769
0.00512984
0.00513198
0.00513413
0.00513627
0.00513842
0.00514056
0.00514271
0.00514486
0.005147
0.00514915
0.00515129
0.00515344
0.00515558
0.00515773
0.00515987
0.00516202
0.00516417
0.00516631
0.00516846
0.0051706
0.00517275
0.00517489
0.00517704
0.00517918
0.00518133
0.00518348
0.00518562
0.00518777
0.00518991
0.00519206
0.0051942
0.00519635
0.0051985
0.00520064
0.00520279
0.00520493
0.00520708
0.00520922
0.00521137
0.00521351
0.00521566
0.00521781
0.00521995
0.0052221
0.00522424
0.00522639
0.00522853
0.00523068
0.00523283
0.00523497
0.00523712
0.00523926
0.00524141
0.00524355
0.0052457
0.00524784
0.00524999
0.00525214
0.00525428
0.00525643
0.00525857
0.00526072
0.00526286
0.00526501
0.00526715
0.0052693
0.00527145
0.00527359
0.00527574
0.00527788
0.00528003
0.00528217
0.00528432
0.00528647
0.00528861
0.00529076
0.0052929
0.00529505
0.00529719
0.00529934
0.00530148
0.00530363
0.00530578
0.00530792
0.00531007
0.00531221
0.00531436
0.0053165
0.00531865
0.00532079
0.00532294
0.00532509
0.00532723
0.00532938
0.00533152
0.00533367
0.00533581
0.00533796
0.00534011
0.00534225
0.0053444
0.00534654
0.00534869
0.00535083
0.00535298
0.00535512
0.00535727
0.00535942
0.00536156
0.00536371
0.00536585
0.005368
0.00537014
0.00537229
0.00537443
0.00537658
0.00537873
0.00538087
0.00538302
0.00538516
0.00538731
0.00538945
0.0053916
0.00539375
0.00539589
0.00539804
0.00540018
0.00540233
0.00540447
0.00540662
0.00540876
0.00541091
0.00541306
0.0054152
0.00541735
0.00541949
0.00542164
0.00542378
0.00542593
0.00542807
0.00543022
0.00543237
0.00543451
0.00543666
0.0054388
0.00544095
0.00544309
0.00544524
0.00544739
0.00544953
0.00545168
0.00545382
0.00545597
0.00545811
0.00546026
0.0054624
0.00546455
0.0054667
0.00546884
0.00547099
0.00547313
0.00547528
0.00547742
0.00547957
0.00548171
0.00548386
0.00548601
0.00548815
0.0054903
0.00549244
0.00549459
0.00549673
0.00549888
0.00550103
0.00550317
0.00550532
0.00550746
0.00550961
0.00551175
0.0055139
0.00551604
0.00551819
0.00552034
0.00552248
0.00552463
0.00552677
0.00552892
0.00553106
0.00553321
0.00553536
0.0055375
0.00553965
0.00554179
0.00554394
0.00554608
0.00554823
0.00555037
0.00555252
0.00555467
0.00555681
0.00555896
0.0055611
0.00556325
0.00556539
0.00556754
0.00556968
0.00557183
0.00557398
0.00557612
0.00557827
0.00558041
0.00558256
0.0055847
0.00558685
0.005589
0.00559114
0.00559329
0.00559543
0.00559758
0.00559972
0.00560187
0.00560401
0.00560616
0.00560831
0.00561045
0.0056126
0.00561474
0.00561689
0.00561903
0.00562118
0.00562332
0.00562547
0.00562762
0.00562976
0.00563191
0.00563405
0.0056362
0.00563834
0.00564049
0.00564264
0.00564478
0.00564693
0.00564907
0.00565122
0.00565336
0.00565551
0.00565765
0.0056598
0.00566195
0.00566409
0.00566624
0.00566838
0.00567053
0.00567267
0.00567482
0.00567696
0.00567911
0.00568126
0.0056834
0.00568555
0.00568769
0.00568984
0.00569198
0.00569413
0.00569628
0.00569842
0.00570057
0.00570271
0.00570486
0.005707
0.00570915
0.00571129
0.00571344
0.00571559
0.00571773
0.00571988
0.00572202
0.00572417
0.00572631
0.00572846
0.0057306
0.00573275
0.0057349
0.00573704
0.00573919
0.00574133
0.00574348
0.00574562
0.00574777
0.00574992
0.00575206
0.00575421
0.00575635
0.0057585
0.00576064
0.00576279
0.00576493
0.00576708
0.00576923
0.00577137
0.00577352
0.00577566
0.00577781
0.00577995
0.0057821
0.00578424
0.00578639
0.00578854
0.00579068
0.00579283
0.00579497
0.00579712
0.00579926
0.00580141
0.00580356
0.0058057
0.00580785
0.00580999
0.00581214
0.00581428
0.00581643
0.00581857
0.00582072
0.00582287
0.00582501
0.00582716
0.0058293
0.00583145
0.00583359
0.00583574
0.00583788
0.00584003
0.00584218
0.00584432
0.00584647
0.00584861
0.00585076
0.0058529
0.00585505
0.0058572
0.00585934
0.00586149
0.00586363
0.00586578
0.00586792
0.00587007
0.00587221
0.00587436
0.00587651
0.00587865
0.0058808
0.00588294
0.00588509
0.00588723
0.00588938
0.00589153
0.00589367
0.00589582
0.00589796
0.00590011
0.00590225
0.0059044
0.00590654
0.00590869
0.00591084
0.00591298
0.00591513
0.00591727
0.00591942
0.00592156
0.00592371
0.00592585
0.005928
0.00593015
0.00593229
0.00593444
0.00593658
0.00593873
0.00594087
0.00594302
0.00594517
0.00594731
0.00594946
0.0059516
0.00595375
0.00595589
0.00595804
0.00596018
0.00596233
0.00596448
0.00596662
0.00596877
0.00597091
0.00597306
0.0059752
0.00597735
0.00597949
0.00598164
0.00598379
0.00598593
0.00598808
0.00599022
0.00599237
0.00599451
0.00599666
0.00599881
0.00600095
0.0060031
0.00600524
0.00600739
0.00600953
0.00601168
0.00601382
0.00601597
0.00601812
0.00602026
0.00602241
0.00602455
0.0060267
0.00602884
0.00603099
0.00603313
0.00603528
0.00603743
0.00603957
0.00604172
0.00604386
0.00604601
0.00604815
0.0060503
0.00605245
0.00605459
0.00605674
0.00605888
0.00606103
0.00606317
0.00606532
0.00606746
0.00606961
0.00607176
0.0060739
0.00607605
0.00607819
0.00608034
0.00608248
0.00608463
0.00608677
0.00608892
0.00609107
0.00609321
0.00609536
0.0060975
0.00609965
0.00610179
0.00610394
0.00610609
0.00610823
0.00611038
0.00611252
0.00611467
0.00611681
0.00611896
0.0061211
0.00612325
0.0061254
0.00612754
0.00612969
0.00613183
0.00613398
0.00613612
0.00613827
0.00614041
0.00614256
0.00614471
0.00614685
0.006149
0.00615114
0.00615329
0.00615543
0.00615758
0.00615973
0.00616187
0.00616402
0.00616616
0.00616831
0.00617045
0.0061726
0.00617474
0.00617689
0.00617904
0.00618118
0.00618333
0.00618547
0.00618762
0.00618976
0.00619191
0.00619406
0.0061962
0.00619835
0.00620049
0.00620264
0.00620478
0.00620693
0.00620907
0.00621122
0.00621337
0.00621551
0.00621766
0.0062198
0.00622195
0.00622409
0.00622624
0.00622838
0.00623053
0.00623268
0.00623482
0.00623697
0.00623911
0.00624126
0.0062434
0.00624555
0.0062477
0.00624984
0.00625199
0.00625413
0.00625628
0.00625842
0.00626057
0.00626271
0.00626486
0.00626701
0.00626915
0.0062713
0.00627344
0.00627559
0.00627773
0.00627988
0.00628202
0.00628417
0.00628632
0.00628846
0.00629061
0.00629275
0.0062949
0.00629704
0.00629919
0.00630134
0.00630348
0.00630563
0.00630777
0.00630992
0.00631206
0.00631421
0.00631635
0.0063185
0.00632065
0.00632279
0.00632494
0.00632708
0.00632923
0.00633137
0.00633352
0.00633566
0.00633781
0.00633996
0.0063421
0.00634425
0.00634639
0.00634854
0.00635068
0.00635283
0.00635498
0.00635712
0.00635927
0.00636141
0.00636356
0.0063657
0.00636785
0.00636999
0.00637214
0.00637429
0.00637643
0.00637858
0.00638072
0.00638287
0.00638501
0.00638716
0.0063893
0.00639145
0.0063936
0.00639574
0.00639789
0.00640003
0.00640218
0.00640432
0.00640647
0.00640862
0.00641076
0.00641291
0.00641505
0.0064172
0.00641934
0.00642149
0.00642363
0.00642578
0.00642793
0.00643007
0.00643222
0.00643436
0.00643651
0.00643865
0.0064408
0.00644294
0.00644509
0.00644724
0.00644938
0.00645153
0.00645367
0.00645582
0.00645796
0.00646011
0.00646226
0.0064644
0.00646655
0.00646869
0.00647084
0.00647298
0.00647513
0.00647727
0.00647942
0.00648157
0.00648371
0.00648586
0.006488
0.00649015
0.00649229
0.00649444
0.00649659
0.00649873
0.00650088
0.00650302
0.00650517
0.00650731
0.00650946
0.0065116
0.00651375
0.0065159
0.00651804
0.00652019
0.00652233
0.00652448
0.00652662
0.00652877
0.00653091
0.00653306
0.00653521
0.00653735
0.0065395
0.00654164
0.00654379
0.00654593
0.00654808
0.00655023
0.00655237
0.00655452
0.00655666
0.00655881
0.00656095
0.0065631
0.00656524
0.00656739
0.00656954
0.00657168
0.00657383
0.00657597
0.00657812
0.00658026
0.00658241
0.00658455
0.0065867
0.00658885
0.00659099
0.00659314
0.00659528
0.00659743
0.00659957
0.00660172
0.00660387
0.00660601
0.00660816
0.0066103
0.00661245
0.00661459
0.00661674
0.00661888
0.00662103
0.00662318
0.00662532
0.00662747
0.00662961
0.00663176
0.0066339
0.00663605
0.00663819
0.00664034
0.00664249
0.00664463
0.00664678
0.00664892
0.00665107
0.00665321
0.00665536
0.00665751
0.00665965
0.0066618
0.00666394
0.00666609
0.00666823
0.00667038
0.00667252
0.00667467
0.00667682
0.00667896
0.00668111
0.00668325
0.0066854
0.00668754
0.00668969
0.00669183
0.00669398
0.00669613
0.00669827
0.00670042
0.00670256
0.00670471
0.00670685
0.006709
0.00671115
0.00671329
0.00671544
0.00671758
0.00671973
0.00672187
0.00672402
0.00672616
0.00672831
0.00673046
0.0067326
0.00673475
0.00673689
0.00673904
0.00674118
0.00674333
0.00674547
0.00674762
0.00674977
0.00675191
0.00675406
0.0067562
0.00675835
0.00676049
0.00676264
0.00676479
0.00676693
0.00676908
0.00677122
0.00677337
0.00677551
0.00677766
0.0067798
0.00678195
0.0067841
0.00678624
0.00678839
0.00679053
0.00679268
0.00679482
0.00679697
0.00679911
0.00680126
0.00680341
0.00680555
0.0068077
0.00680984
0.00681199
0.00681413
0.00681628
0.00681843
0.00682057
0.00682272
0.00682486
0.00682701
0.00682915
0.0068313
0.00683344
0.00683559
0.00683774
0.00683988
0.00684203
0.00684417
0.00684632
0.00684846
0.00685061
0.00685276
0.0068549
0.00685705
0.00685919
0.00686134
0.00686348
0.00686563
0.00686777
0.00686992
0.00687207
0.00687421
0.00687636
0.0068785
0.00688065
0.00688279
0.00688494
0.00688708
0.00688923
0.00689138
0.00689352
0.00689567
0.00689781
0.00689996
0.0069021
0.00690425
0.0069064
0.00690854
0.00691069
0.00691283
0.00691498
0.00691712
0.00691927
0.00692141
0.00692356
0.00692571
0.00692785
0.00693
0.00693214
0.00693429
0.00693643
0.00693858
0.00694072
0.00694287
0.00694502
0.00694716
0.00694931
0.00695145
0.0069536
0.00695574
0.00695789
0.00696004
0.00696218
0.00696433
0.00696647
0.00696862
0.00697076
0.00697291
0.00697505
0.0069772
0.00697935
0.00698149
0.00698364
0.00698578
0.00698793
0.00699007
0.00699222
0.00699436
0.00699651
0.00699866
0.0070008
0.00700295
0.00700509
0.00700724
0.00700938
0.00701153
0.00701368
0.00701582
0.00701797
0.00702011
0.00702226
0.0070244
0.00702655
0.00702869
0.00703084
0.00703299
0.00703513
0.00703728
0.00703942
0.00704157
0.00704371
0.00704586
0.007048
0.00705015
0.0070523
0.00705444
0.00705659
0.00705873
0.00706088
0.00706302
0.00706517
0.00706732
0.00706946
0.00707161
0.00707375
0.0070759
0.00707804
0.00708019
0.00708233
0.00708448
0.00708663
0.00708877
0.00709092
0.00709306
0.00709521
0.00709735
0.0070995
0.00710164
0.00710379
0.00710594
0.00710808
0.00711023
0.00711237
0.00711452
0.00711666
0.00711881
0.00712096
0.0071231
0.00712525
0.00712739
0.00712954
0.00713168
0.00713383
0.00713597
0.00713812
0.00714027
0.00714241
0.00714456
0.0071467
0.00714885
0.00715099
0.00715314
0.00715529
0.00715743
0.00715958
0.00716172
0.00716387
0.00716601
0.00716816
0.0071703
0.00717245
0.0071746
0.00717674
0.00717889
0.00718103
0.00718318
0.00718532
0.00718747
0.00718961
0.00719176
0.00719391
0.00719605
0.0071982
0.00720034
0.00720249
0.00720463
0.00720678
0.00720893
0.00721107
0.00721322
0.00721536
0.00721751
0.00721965
0.0072218
0.00722394
0.00722609
0.00722824
0.00723038
0.00723253
0.00723467
0.00723682
0.00723896
0.00724111
0.00724325
0.0072454
0.00724755
0.00724969
0.00725184
0.00725398
0.00725613
0.00725827
0.00726042
0.00726257
0.00726471
0.00726686
0.007269
0.00727115
0.00727329
0.00727544
0.00727758
0.00727973
0.00728188
0.00728402
0.00728617
0.00728831
0.00729046
0.0072926
0.00729475
0.00729689
0.00729904
0.00730119
0.00730333
0.00730548
0.00730762
0.00730977
0.00731191
0.00731406
0.00731621
0.00731835
0.0073205
0.00732264
0.00732479
0.00732693
0.00732908
0.00733122
0.00733337
0.00733552
0.00733766
0.00733981
0.00734195
0.0073441
0.00734624
0.00734839
0.00735053
0.00735268
0.00735483
0.00735697
0.00735912
0.00736126
0.00736341
0.00736555
0.0073677
0.00736985
0.00737199
0.00737414
0.00737628
0.00737843
0.00738057
0.00738272
0.00738486
0.00738701
0.00738916
0.0073913
0.00739345
0.00739559
0.00739774
0.00739988
0.00740203
0.00740417
0.00740632
0.00740847
0.00741061
0.00741276
0.0074149
0.00741705
0.00741919
0.00742134
0.00742349
0.00742563
0.00742778
0.00742992
0.00743207
0.00743421
0.00743636
0.0074385
0.00744065
0.0074428
0.00744494
0.00744709
0.00744923
0.00745138
0.00745352
0.00745567
0.00745782
0.00745996
0.00746211
0.00746425
0.0074664
0.00746854
0.00747069
0.00747283
0.00747498
0.00747713
0.00747927
0.00748142
0.00748356
0.00748571
0.00748785
0.00749
0.00749214
0.00749429
0.00749644
0.00749858
0.00750073
0.00750287
0.00750502
0.00750716
0.00750931
0.00751146
0.0075136
0.00751575
0.00751789
0.00752004
0.00752218
0.00752433
0.00752647
0.00752862
0.00753077
0.00753291
0.00753506
0.0075372
0.00753935
0.00754149
0.00754364
0.00754578
0.00754793
0.00755008
0.00755222
0.00755437
0.00755651
0.00755866
0.0075608
0.00756295
0.0075651
0.00756724
0.00756939
0.00757153
0.00757368
0.00757582
0.00757797
0.00758011
0.00758226
0.00758441
0.00758655
0.0075887
0.00759084
0.00759299
0.00759513
0.00759728
0.00759942
0.00760157
0.00760372
0.00760586
0.00760801
0.00761015
0.0076123
0.00761444
0.00761659
0.00761874
0.00762088
0.00762303
0.00762517
0.00762732
0.00762946
0.00763161
0.00763375
0.0076359
0.00763805
0.00764019
0.00764234
0.00764448
0.00764663
0.00764877
0.00765092
0.00765306
0.00765521
0.00765736
0.0076595
0.00766165
0.00766379
0.00766594
0.00766808
0.00767023
0.00767238
0.00767452
0.00767667
0.00767881
0.00768096
0.0076831
0.00768525
0.00768739
0.00768954
0.00769169
0.00769383
0.00769598
0.00769812
0.00770027
0.00770241
0.00770456
0.0077067
0.00770885
0.007711
0.00771314
0.00771529
0.00771743
0.00771958
0.00772172
0.00772387
0.00772602
0.00772816
0.00773031
0.00773245
0.0077346
0.00773674
0.00773889
0.00774103
0.00774318
0.00774533
0.00774747
0.00774962
0.00775176
0.00775391
0.00775605
0.0077582
0.00776034
0.00776249
0.00776464
0.00776678
0.00776893
0.00777107
0.00777322
0.00777536
0.00777751
0.00777966
0.0077818
0.00778395
0.00778609
0.00778824
0.00779038
0.00779253
0.00779467
0.00779682
0.00779897
0.00780111
0.00780326
0.0078054
0.00780755
0.00780969
0.00781184
0.00781399
0.00781613
0.00781828
0.00782042
0.00782257
0.00782471
0.00782686
0.007829
0.00783115
0.0078333
0.00783544
0.00783759
0.00783973
0.00784188
0.00784402
0.00784617
0.00784831
0.00785046
0.00785261
0.00785475
0.0078569
0.00785904
0.00786119
0.00786333
0.00786548
0.00786763
0.00786977
0.00787192
0.00787406
0.00787621
0.00787835
0.0078805
0.00788264
0.00788479
0.00788694
0.00788908
0.00789123
0.00789337
0.00789552
0.00789766
0.00789981
0.00790195
0.0079041
0.00790625
0.00790839
0.00791054
0.00791268
0.00791483
0.00791697
0.00791912
0.00792127
0.00792341
0.00792556
0.0079277
0.00792985
0.00793199
0.00793414
0.00793628
0.00793843
0.00794058
0.00794272
0.00794487
0.00794701
0.00794916
0.0079513
0.00795345
0.00795559
0.00795774
0.00795989
0.00796203
0.00796418
0.00796632
0.00796847
0.00797061
0.00797276
0.00797491
0.00797705
0.0079792
0.00798134
0.00798349
0.00798563
0.00798778
0.00798992
0.00799207
0.00799422
0.00799636
0.00799851
0.00800065
0.0080028
0.00800494
0.00800709
0.00800923
0.00801138
0.00801353
0.00801567
0.00801782
0.00801996
0.00802211
0.00802425
0.0080264
0.00802855
0.00803069
0.00803284
0.00803498
0.00803713
0.00803927
0.00804142
0.00804356
0.00804571
0.00804786
0.00805
0.00805215
0.00805429
0.00805644
0.00805858
0.00806073
0.00806287
0.00806502
0.00806717
0.00806931
0.00807146
0.0080736
0.00807575
0.00807789
0.00808004
0.00808219
0.00808433
0.00808648
0.00808862
0.00809077
0.00809291
0.00809506
0.0080972
0.00809935
0.0081015
0.00810364
0.00810579
0.00810793
0.00811008
0.00811222
0.00811437
0.00811652
0.00811866
0.00812081
0.00812295
0.0081251
0.00812724
0.00812939
0.00813153
0.00813368
0.00813583
0.00813797
0.00814012
0.00814226
0.00814441
0.00814655
0.0081487
0.00815084
0.00815299
0.00815514
0.00815728
0.00815943
0.00816157
0.00816372
0.00816586
0.00816801
0.00817016
0.0081723
0.00817445
0.00817659
0.00817874
0.00818088
0.00818303
0.00818517
0.00818732
0.00818947
0.00819161
0.00819376
0.0081959
0.00819805
0.00820019
0.00820234
0.00820448
0.00820663
0.00820878
0.00821092
0.00821307
0.00821521
0.00821736
0.0082195
0.00822165
0.0082238
0.00822594
0.00822809
0.00823023
0.00823238
0.00823452
0.00823667
0.00823881
0.00824096
0.00824311
0.00824525
0.0082474
0.00824954
0.00825169
0.00825383
0.00825598
0.00825812
0.00826027
0.00826242
0.00826456
0.00826671
0.00826885
0.008271
0.00827314
0.00827529
0.00827744
0.00827958
0.00828173
0.00828387
0.00828602
0.00828816
0.00829031
0.00829245
0.0082946
0.00829675
0.00829889
0.00830104
0.00830318
0.00830533
0.00830747
0.00830962
0.00831176
0.00831391
0.00831606
0.0083182
0.00832035
0.00832249
0.00832464
0.00832678
0.00832893
0.00833108
0.00833322
0.00833537
0.00833751
0.00833966
0.0083418
0.00834395
0.00834609
0.00834824
0.00835039
0.00835253
0.00835468
0.00835682
0.00835897
0.00836111
0.00836326
0.0083654
0.00836755
0.0083697
0.00837184
0.00837399
0.00837613
0.00837828
0.00838042
0.00838257
0.00838472
0.00838686
0.00838901
0.00839115
0.0083933
0.00839544
0.00839759
0.00839973
0.00840188
0.00840403
0.00840617
0.00840832
0.00841046
0.00841261
0.00841475
0.0084169
0.00841904
0.00842119
0.00842334
0.00842548
0.00842763
0.00842977
0.00843192
0.00843406
0.00843621
0.00843836
0.0084405
0.00844265
0.00844479
0.00844694
0.00844908
0.00845123
0.00845337
0.00845552
0.00845767
0.00845981
0.00846196
0.0084641
0.00846625
0.00846839
0.00847054
0.00847269
0.00847483
0.00847698
0.00847912
0.00848127
0.00848341
0.00848556
0.0084877
0.00848985
0.008492
0.00849414
0.00849629
0.00849843
0.00850058
0.00850272
0.00850487
0.00850701
0.00850916
0.00851131
0.00851345
0.0085156
0.00851774
0.00851989
0.00852203
0.00852418
0.00852633
0.00852847
0.00853062
0.00853276
0.00853491
0.00853705
0.0085392
0.00854134
0.00854349
0.00854564
0.00854778
0.00854993
0.00855207
0.00855422
0.00855636
0.00855851
0.00856065
0.0085628
0.00856495
0.00856709
0.00856924
0.00857138
0.00857353
0.00857567
0.00857782
0.00857997
0.00858211
0.00858426
0.0085864
0.00858855
0.00859069
0.00859284
0.00859498
0.00859713
0.00859928
0.00860142
0.00860357
0.00860571
0.00860786
0.00861
0.00861215
0.00861429
0.00861644
0.00861859
0.00862073
0.00862288
0.00862502
0.00862717
0.00862931
0.00863146
0.00863361
0.00863575
0.0086379
0.00864004
0.00864219
0.00864433
0.00864648
0.00864862
0.00865077
0.00865292
0.00865506
0.00865721
0.00865935
0.0086615
0.00866364
0.00866579
0.00866793
0.00867008
0.00867223
0.00867437
0.00867652
0.00867866
0.00868081
0.00868295
0.0086851
0.00868725
0.00868939
0.00869154
0.00869368
0.00869583
0.00869797
0.00870012
0.00870226
0.00870441
0.00870656
0.0087087
0.00871085
0.00871299
0.00871514
0.00871728
0.00871943
0.00872157
0.00872372
0.00872587
0.00872801
0.00873016
0.0087323
0.00873445
0.00873659
0.00873874
0.00874089
0.00874303
0.00874518
0.00874732
0.00874947
0.00875161
0.00875376
0.0087559
0.00875805
0.0087602
0.00876234
0.00876449
0.00876663
0.00876878
0.00877092
0.00877307
0.00877522
0.00877736
0.00877951
0.00878165
0.0087838
0.00878594
0.00878809
0.00879023
0.00879238
0.00879453
0.00879667
