8.55915e-06
1.11093e-05
1.36594e-05
1.62095e-05
1.87596e-05
2.13097e-05
2.38598e-05
2.64099e-05
2.896e-05
3.15102e-05
3.40603e-05
3.66104e-05
3.91605e-05
4.17106e-05
4.42607e-05
4.68108e-05
4.93609e-05
5.19111e-05
5.44612e-05
5.70113e-05
5.95614e-05
6.21115e-05
6.46616e-05
6.72117e-05
6.97618e-05
7.2312e-05
7.48621e-05
7.74122e-05
7.99623e-05
8.25124e-05
8.50625e-05
8.76126e-05
9.01627e-05
9.27129e-05
9.5263e-05
9.78131e-05
0.000100363
0.000102913
0.000105463
0.000108014
0.000110564
0.000113114
0.000115664
0.000118214
0.000120764
0.000123314
0.000125864
0.000128414
0.000130965
0.000133515
0.000136065
0.000138615
0.000141165
0.000143715
0.000146265
0.000148815
0.000151365
0.000153916
0.000156466
0.000159016
0.000161566
0.000164116
0.000166666
0.000169216
0.000171766
0.000174316
0.000176867
0.000179417
0.000181967
0.000184517
0.000187067
0.000189617
0.000192167
0.000194717
0.000197267
0.000199818
0.000202368
0.000204918
0.000207468
0.000210018
0.000212568
0.000215118
0.000217668
0.000220218
0.000222769
0.000225319
0.000227869
0.000230419
0.000232969
0.000235519
0.000238069
0.000240619
0.000243169
0.00024572
0.00024827
0.00025082
0.00025337
0.00025592
0.00025847
0.00026102
0.00026357
0.00026612
0.000268671
0.000271221
0.000273771
0.000276321
0.000278871
0.000281421
0.000283971
0.000286521
0.000289071
0.000291622
0.000294172
0.000296722
0.000299272
0.000301822
0.000304372
0.000306922
0.000309472
0.000312023
0.000314573
0.000317123
0.000319673
0.000322223
0.000324773
0.000327323
0.000329873
0.000332423
0.000334974
0.000337524
0.000340074
0.000342624
0.000345174
0.000347724
0.000350274
0.000352824
0.000355374
0.000357925
0.000360475
0.000363025
0.000365575
0.000368125
0.000370675
0.000373225
0.000375775
0.000378325
0.000380876
0.000383426
0.000385976
0.000388526
0.000391076
0.000393626
0.000396176
0.000398726
0.000401276
0.000403827
0.000406377
0.000408927
0.000411477
0.000414027
0.000416577
0.000419127
0.000421677
0.000424227
0.000426778
0.000429328
0.000431878
0.000434428
0.000436978
0.000439528
0.000442078
0.000444628
0.000447178
0.000449729
0.000452279
0.000454829
0.000457379
0.000459929
0.000462479
0.000465029
0.000467579
0.000470129
0.00047268
0.00047523
0.00047778
0.00048033
0.00048288
0.00048543
0.00048798
0.00049053
0.00049308
0.000495631
0.000498181
0.000500731
0.000503281
0.000505831
0.000508381
0.000510931
0.000513481
0.000516031
0.000518582
0.000521132
0.000523682
0.000526232
0.000528782
0.000531332
0.000533882
0.000536432
0.000538982
0.000541533
0.000544083
0.000546633
0.000549183
0.000551733
0.000554283
0.000556833
0.000559383
0.000561934
0.000564484
0.000567034
0.000569584
0.000572134
0.000574684
0.000577234
0.000579784
0.000582334
0.000584885
0.000587435
0.000589985
0.000592535
0.000595085
0.000597635
0.000600185
0.000602735
0.000605285
0.000607836
0.000610386
0.000612936
0.000615486
0.000618036
0.000620586
0.000623136
0.000625686
0.000628236
0.000630787
0.000633337
0.000635887
0.000638437
0.000640987
0.000643537
0.000646087
0.000648637
0.000651187
0.000653738
0.000656288
0.000658838
0.000661388
0.000663938
0.000666488
0.000669038
0.000671588
0.000674138
0.000676689
0.000679239
0.000681789
0.000684339
0.000686889
0.000689439
0.000691989
0.000694539
0.000697089
0.00069964
0.00070219
0.00070474
0.00070729
0.00070984
0.00071239
0.00071494
0.00071749
0.00072004
0.000722591
0.000725141
0.000727691
0.000730241
0.000732791
0.000735341
0.000737891
0.000740441
0.000742991
0.000745542
0.000748092
0.000750642
0.000753192
0.000755742
0.000758292
0.000760842
0.000763392
0.000765942
0.000768493
0.000771043
0.000773593
0.000776143
0.000778693
0.000781243
0.000783793
0.000786343
0.000788894
0.000791444
0.000793994
0.000796544
0.000799094
0.000801644
0.000804194
0.000806744
0.000809294
0.000811845
0.000814395
0.000816945
0.000819495
0.000822045
0.000824595
0.000827145
0.000829695
0.000832245
0.000834796
0.000837346
0.000839896
0.000842446
0.000844996
0.000847546
0.000850096
0.000852646
0.000855196
0.000857747
0.000860297
0.000862847
0.000865397
0.000867947
0.000870497
0.000873047
0.000875597
0.000878147
0.000880698
0.000883248
0.000885798
0.000888348
0.000890898
0.000893448
0.000895998
0.000898548
0.000901098
0.000903649
0.000906199
0.000908749
0.000911299
0.000913849
0.000916399
0.000918949
0.000921499
0.000924049
0.0009266
0.00092915
0.0009317
0.00093425
0.0009368
0.00093935
0.0009419
0.00094445
0.000947
0.000949551
0.000952101
0.000954651
0.000957201
0.000959751
0.000962301
0.000964851
0.000967401
0.000969951
0.000972502
0.000975052
0.000977602
0.000980152
0.000982702
0.000985252
0.000987802
0.000990352
0.000992902
0.000995453
0.000998003
0.00100055
0.0010031
0.00100565
0.0010082
0.00101075
0.0010133
0.00101585
0.0010184
0.00102095
0.0010235
0.00102605
0.0010286
0.00103115
0.0010337
0.00103625
0.0010388
0.00104135
0.0010439
0.00104645
0.001049
0.00105156
0.00105411
0.00105666
0.00105921
0.00106176
0.00106431
0.00106686
0.00106941
0.00107196
0.00107451
0.00107706
0.00107961
0.00108216
0.00108471
0.00108726
0.00108981
0.00109236
0.00109491
0.00109746
0.00110001
0.00110256
0.00110511
0.00110766
0.00111021
0.00111276
0.00111531
0.00111786
0.00112041
0.00112296
0.00112551
0.00112806
0.00113061
0.00113316
0.00113571
0.00113826
0.00114081
0.00114336
0.00114591
0.00114846
0.00115101
0.00115356
0.00115611
0.00115866
0.00116121
0.00116376
0.00116631
0.00116886
0.00117141
0.00117396
0.00117651
0.00117906
0.00118161
0.00118416
0.00118671
0.00118926
0.00119181
0.00119436
0.00119691
0.00119946
0.00120201
0.00120456
0.00120711
0.00120966
0.00121221
0.00121476
0.00121731
0.00121986
0.00122241
0.00122496
0.00122751
0.00123006
0.00123261
0.00123516
0.00123771
0.00124026
0.00124281
0.00124536
0.00124791
0.00125046
0.00125301
0.00125556
0.00125811
0.00126066
0.00126321
0.00126576
0.00126831
0.00127086
0.00127341
0.00127596
0.00127852
0.00128107
0.00128362
0.00128617
0.00128872
0.00129127
0.00129382
0.00129637
0.00129892
0.00130147
0.00130402
0.00130657
0.00130912
0.00131167
0.00131422
0.00131677
0.00131932
0.00132187
0.00132442
0.00132697
0.00132952
0.00133207
0.00133462
0.00133717
0.00133972
0.00134227
0.00134482
0.00134737
0.00134992
0.00135247
0.00135502
0.00135757
0.00136012
0.00136267
0.00136522
0.00136777
0.00137032
0.00137287
0.00137542
0.00137797
0.00138052
0.00138307
0.00138562
0.00138817
0.00139072
0.00139327
0.00139582
0.00139837
0.00140092
0.00140347
0.00140602
0.00140857
0.00141112
0.00141367
0.00141622
0.00141877
0.00142132
0.00142387
0.00142642
0.00142897
0.00143152
0.00143407
0.00143662
0.00143917
0.00144172
0.00144427
0.00144682
0.00144937
0.00145192
0.00145447
0.00145702
0.00145957
0.00146212
0.00146467
0.00146722
0.00146977
0.00147232
0.00147487
0.00147742
0.00147997
0.00148252
0.00148507
0.00148762
0.00149017
0.00149272
0.00149527
0.00149782
0.00150037
0.00150292
0.00150548
0.00150803
0.00151058
0.00151313
0.00151568
0.00151823
0.00152078
0.00152333
0.00152588
0.00152843
0.00153098
0.00153353
0.00153608
0.00153863
0.00154118
0.00154373
0.00154628
0.00154883
0.00155138
0.00155393
0.00155648
0.00155903
0.00156158
0.00156413
0.00156668
0.00156923
0.00157178
0.00157433
0.00157688
0.00157943
0.00158198
0.00158453
0.00158708
0.00158963
0.00159218
0.00159473
0.00159728
0.00159983
0.00160238
0.00160493
0.00160748
0.00161003
0.00161258
0.00161513
0.00161768
0.00162023
0.00162278
0.00162533
0.00162788
0.00163043
0.00163298
0.00163553
0.00163808
0.00164063
0.00164318
0.00164573
0.00164828
0.00165083
0.00165338
0.00165593
0.00165848
0.00166103
0.00166358
0.00166613
0.00166868
0.00167123
0.00167378
0.00167633
0.00167888
0.00168143
0.00168398
0.00168653
0.00168908
0.00169163
0.00169418
0.00169673
0.00169928
0.00170183
0.00170438
0.00170693
0.00170948
0.00171203
0.00171458
0.00171713
0.00171968
0.00172223
0.00172478
0.00172733
0.00172988
0.00173244
0.00173499
0.00173754
0.00174009
0.00174264
0.00174519
0.00174774
0.00175029
0.00175284
0.00175539
0.00175794
0.00176049
0.00176304
0.00176559
0.00176814
0.00177069
0.00177324
0.00177579
0.00177834
0.00178089
0.00178344
0.00178599
0.00178854
0.00179109
0.00179364
0.00179619
0.00179874
0.00180129
0.00180384
0.00180639
0.00180894
0.00181149
0.00181404
0.00181659
0.00181914
0.00182169
0.00182424
0.00182679
0.00182934
0.00183189
0.00183444
0.00183699
0.00183954
0.00184209
0.00184464
0.00184719
0.00184974
0.00185229
0.00185484
0.00185739
0.00185994
0.00186249
0.00186504
0.00186759
0.00187014
0.00187269
0.00187524
0.00187779
0.00188034
0.00188289
0.00188544
0.00188799
0.00189054
0.00189309
0.00189564
0.00189819
0.00190074
0.00190329
0.00190584
0.00190839
0.00191094
0.00191349
0.00191604
0.00191859
0.00192114
0.00192369
0.00192624
0.00192879
0.00193134
0.00193389
0.00193644
0.00193899
0.00194154
0.00194409
0.00194664
0.00194919
0.00195174
0.00195429
0.00195684
0.0019594
0.00196195
0.0019645
0.00196705
0.0019696
0.00197215
0.0019747
0.00197725
0.0019798
0.00198235
0.0019849
0.00198745
0.00199
0.00199255
0.0019951
0.00199765
0.0020002
0.00200275
0.0020053
0.00200785
0.0020104
0.00201295
0.0020155
0.00201805
0.0020206
0.00202315
0.0020257
0.00202825
0.0020308
0.00203335
0.0020359
0.00203845
0.002041
0.00204355
0.0020461
0.00204865
0.0020512
0.00205375
0.0020563
0.00205885
0.0020614
0.00206395
0.0020665
0.00206905
0.0020716
0.00207415
0.0020767
0.00207925
0.0020818
0.00208435
0.0020869
0.00208945
0.002092
0.00209455
0.0020971
0.00209965
0.0021022
0.00210475
0.0021073
0.00210985
0.0021124
0.00211495
0.0021175
0.00212005
0.0021226
0.00212515
0.0021277
0.00213025
0.0021328
0.00213535
0.0021379
0.00214045
0.002143
0.00214555
0.0021481
0.00215065
0.0021532
0.00215575
0.0021583
0.00216085
0.0021634
0.00216595
0.0021685
0.00217105
0.0021736
0.00217615
0.0021787
0.00218125
0.0021838
0.00218636
0.00218891
0.00219146
0.00219401
0.00219656
0.00219911
0.00220166
0.00220421
0.00220676
0.00220931
0.00221186
0.00221441
0.00221696
0.00221951
0.00222206
0.00222461
0.00222716
0.00222971
0.00223226
0.00223481
0.00223736
0.00223991
0.00224246
0.00224501
0.00224756
0.00225011
0.00225266
0.00225521
0.00225776
0.00226031
0.00226286
0.00226541
0.00226796
0.00227051
0.00227306
0.00227561
0.00227816
0.00228071
0.00228326
0.00228581
0.00228836
0.00229091
0.00229346
0.00229601
0.00229856
0.00230111
0.00230366
0.00230621
0.00230876
0.00231131
0.00231386
0.00231641
0.00231896
0.00232151
0.00232406
0.00232661
0.00232916
0.00233171
0.00233426
0.00233681
0.00233936
0.00234191
0.00234446
0.00234701
0.00234956
0.00235211
0.00235466
0.00235721
0.00235976
0.00236231
0.00236486
0.00236741
0.00236996
0.00237251
0.00237506
0.00237761
0.00238016
0.00238271
0.00238526
0.00238781
0.00239036
0.00239291
0.00239546
0.00239801
0.00240056
0.00240311
0.00240566
0.00240821
0.00241076
0.00241332
0.00241587
0.00241842
0.00242097
0.00242352
0.00242607
0.00242862
0.00243117
0.00243372
0.00243627
0.00243882
0.00244137
0.00244392
0.00244647
0.00244902
0.00245157
0.00245412
0.00245667
0.00245922
0.00246177
0.00246432
0.00246687
0.00246942
0.00247197
0.00247452
0.00247707
0.00247962
0.00248217
0.00248472
0.00248727
0.00248982
0.00249237
0.00249492
0.00249747
0.00250002
0.00250257
0.00250512
0.00250767
0.00251022
0.00251277
0.00251532
0.00251787
0.00252042
0.00252297
0.00252552
0.00252807
0.00253062
0.00253317
0.00253572
0.00253827
0.00254082
0.00254337
0.00254592
0.00254847
0.00255102
0.00255357
0.00255612
0.00255867
0.00256122
0.00256377
0.00256632
0.00256887
0.00257142
0.00257397
0.00257652
0.00257907
0.00258162
0.00258417
0.00258672
0.00258927
0.00259182
0.00259437
0.00259692
0.00259947
0.00260202
0.00260457
0.00260712
0.00260967
0.00261222
0.00261477
0.00261732
0.00261987
0.00262242
0.00262497
0.00262752
0.00263007
0.00263262
0.00263517
0.00263772
0.00264028
0.00264283
0.00264538
0.00264793
0.00265048
0.00265303
0.00265558
0.00265813
0.00266068
0.00266323
0.00266578
0.00266833
0.00267088
0.00267343
0.00267598
0.00267853
0.00268108
0.00268363
0.00268618
0.00268873
0.00269128
0.00269383
0.00269638
0.00269893
0.00270148
0.00270403
0.00270658
0.00270913
0.00271168
0.00271423
0.00271678
0.00271933
0.00272188
0.00272443
0.00272698
0.00272953
0.00273208
0.00273463
0.00273718
0.00273973
0.00274228
0.00274483
0.00274738
0.00274993
0.00275248
0.00275503
0.00275758
0.00276013
0.00276268
0.00276523
0.00276778
0.00277033
0.00277288
0.00277543
0.00277798
0.00278053
0.00278308
0.00278563
0.00278818
0.00279073
0.00279328
0.00279583
0.00279838
0.00280093
0.00280348
0.00280603
0.00280858
0.00281113
0.00281368
0.00281623
0.00281878
0.00282133
0.00282388
0.00282643
0.00282898
0.00283153
0.00283408
0.00283663
0.00283918
0.00284173
0.00284428
0.00284683
0.00284938
0.00285193
0.00285448
0.00285703
0.00285958
0.00286213
0.00286468
0.00286723
0.00286979
0.00287234
0.00287489
0.00287744
0.00287999
0.00288254
0.00288509
0.00288764
0.00289019
0.00289274
0.00289529
0.00289784
0.00290039
0.00290294
0.00290549
0.00290804
0.00291059
0.00291314
0.00291569
0.00291824
0.00292079
0.00292334
0.00292589
0.00292844
0.00293099
0.00293354
0.00293609
0.00293864
0.00294119
0.00294374
0.00294629
0.00294884
0.00295139
0.00295394
0.00295649
0.00295904
0.00296159
0.00296414
0.00296669
0.00296924
0.00297179
0.00297434
0.00297689
0.00297944
0.00298199
0.00298454
0.00298709
0.00298964
0.00299219
0.00299474
0.00299729
0.00299984
0.00300239
0.00300494
0.00300749
0.00301004
0.00301259
0.00301514
0.00301769
0.00302024
0.00302279
0.00302534
0.00302789
0.00303044
0.00303299
0.00303554
0.00303809
0.00304064
0.00304319
0.00304574
0.00304829
0.00305084
0.00305339
0.00305594
0.00305849
0.00306104
0.00306359
0.00306614
0.00306869
0.00307124
0.00307379
0.00307634
0.00307889
0.00308144
0.00308399
0.00308654
0.00308909
0.00309164
0.00309419
0.00309675
0.0030993
0.00310185
0.0031044
0.00310695
0.0031095
0.00311205
0.0031146
0.00311715
0.0031197
0.00312225
0.0031248
0.00312735
0.0031299
0.00313245
0.003135
0.00313755
0.0031401
0.00314265
0.0031452
0.00314775
0.0031503
0.00315285
0.0031554
0.00315795
0.0031605
0.00316305
0.0031656
0.00316815
0.0031707
0.00317325
0.0031758
0.00317835
0.0031809
0.00318345
0.003186
0.00318855
0.0031911
0.00319365
0.0031962
0.00319875
0.0032013
0.00320385
0.0032064
0.00320895
0.0032115
0.00321405
0.0032166
0.00321915
0.0032217
0.00322425
0.0032268
0.00322935
0.0032319
0.00323445
0.003237
0.00323955
0.0032421
0.00324465
0.0032472
0.00324975
0.0032523
0.00325485
0.0032574
0.00325995
0.0032625
0.00326505
0.0032676
0.00327015
0.0032727
0.00327525
0.0032778
0.00328035
0.0032829
0.00328545
0.003288
0.00329055
0.0032931
0.00329565
0.0032982
0.00330075
0.0033033
0.00330585
0.0033084
0.00331095
0.0033135
0.00331605
0.0033186
0.00332115
0.00332371
0.00332626
0.00332881
0.00333136
0.00333391
0.00333646
0.00333901
0.00334156
0.00334411
0.00334666
0.00334921
0.00335176
0.00335431
0.00335686
0.00335941
0.00336196
0.00336451
0.00336706
0.00336961
0.00337216
0.00337471
0.00337726
0.00337981
0.00338236
0.00338491
0.00338746
0.00339001
0.00339256
0.00339511
0.00339766
0.00340021
0.00340276
0.00340531
0.00340786
0.00341041
0.00341296
0.00341551
0.00341806
0.00342061
0.00342316
0.00342571
0.00342826
0.00343081
0.00343336
0.00343591
0.00343846
0.00344101
0.00344356
0.00344611
0.00344866
0.00345121
0.00345376
0.00345631
0.00345886
0.00346141
0.00346396
0.00346651
0.00346906
0.00347161
0.00347416
0.00347671
0.00347926
0.00348181
0.00348436
0.00348691
0.00348946
0.00349201
0.00349456
0.00349711
0.00349966
0.00350221
0.00350476
0.00350731
0.00350986
0.00351241
0.00351496
0.00351751
0.00352006
0.00352261
0.00352516
0.00352771
0.00353026
0.00353281
0.00353536
0.00353791
0.00354046
0.00354301
0.00354556
0.00354811
0.00355067
0.00355322
0.00355577
0.00355832
0.00356087
0.00356342
0.00356597
0.00356852
0.00357107
0.00357362
0.00357617
0.00357872
0.00358127
0.00358382
0.00358637
0.00358892
0.00359147
0.00359402
0.00359657
0.00359912
0.00360167
0.00360422
0.00360677
0.00360932
0.00361187
0.00361442
0.00361697
0.00361952
0.00362207
0.00362462
0.00362717
0.00362972
0.00363227
0.00363482
0.00363737
0.00363992
0.00364247
0.00364502
0.00364757
0.00365012
0.00365267
0.00365522
0.00365777
0.00366032
0.00366287
0.00366542
0.00366797
0.00367052
0.00367307
0.00367562
0.00367817
0.00368072
0.00368327
0.00368582
0.00368837
0.00369092
0.00369347
0.00369602
0.00369857
0.00370112
0.00370367
0.00370622
0.00370877
0.00371132
0.00371387
0.00371642
0.00371897
0.00372152
0.00372407
0.00372662
0.00372917
0.00373172
0.00373427
0.00373682
0.00373937
0.00374192
0.00374447
0.00374702
0.00374957
0.00375212
0.00375467
0.00375722
0.00375977
0.00376232
0.00376487
0.00376742
0.00376997
0.00377252
0.00377507
0.00377763
0.00378018
0.00378273
0.00378528
0.00378783
0.00379038
0.00379293
0.00379548
0.00379803
0.00380058
0.00380313
0.00380568
0.00380823
0.00381078
0.00381333
0.00381588
0.00381843
0.00382098
0.00382353
0.00382608
0.00382863
0.00383118
0.00383373
0.00383628
0.00383883
0.00384138
0.00384393
0.00384648
0.00384903
0.00385158
0.00385413
0.00385668
0.00385923
0.00386178
0.00386433
0.00386688
0.00386943
0.00387198
0.00387453
0.00387708
0.00387963
0.00388218
0.00388473
0.00388728
0.00388983
0.00389238
0.00389493
0.00389748
0.00390003
0.00390258
0.00390513
0.00390768
0.00391023
0.00391278
0.00391533
0.00391788
0.00392043
0.00392298
0.00392553
0.00392808
0.00393063
0.00393318
0.00393573
0.00393828
0.00394083
0.00394338
0.00394593
0.00394848
0.00395103
0.00395358
0.00395613
0.00395868
0.00396123
0.00396378
0.00396633
0.00396888
0.00397143
0.00397398
0.00397653
0.00397908
0.00398163
0.00398418
0.00398673
0.00398928
0.00399183
0.00399438
0.00399693
0.00399948
0.00400203
0.00400459
0.00400714
0.00400969
0.00401224
0.00401479
0.00401734
0.00401989
0.00402244
0.00402499
0.00402754
0.00403009
0.00403264
0.00403519
0.00403774
0.00404029
0.00404284
0.00404539
0.00404794
0.00405049
0.00405304
0.00405559
0.00405814
0.00406069
0.00406324
0.00406579
0.00406834
0.00407089
0.00407344
0.00407599
0.00407854
0.00408109
0.00408364
0.00408619
0.00408874
0.00409129
0.00409384
0.00409639
0.00409894
0.00410149
0.00410404
0.00410659
0.00410914
0.00411169
0.00411424
0.00411679
0.00411934
0.00412189
0.00412444
0.00412699
0.00412954
0.00413209
0.00413464
0.00413719
0.00413974
0.00414229
0.00414484
0.00414739
0.00414994
0.00415249
0.00415504
0.00415759
0.00416014
0.00416269
0.00416524
0.00416779
0.00417034
0.00417289
0.00417544
0.00417799
0.00418054
0.00418309
0.00418564
0.00418819
0.00419074
0.00419329
0.00419584
0.00419839
0.00420094
0.00420349
0.00420604
0.00420859
0.00421114
0.00421369
0.00421624
0.00421879
0.00422134
0.00422389
0.00422644
0.00422899
0.00423155
0.0042341
0.00423665
0.0042392
0.00424175
0.0042443
0.00424685
0.0042494
0.00425195
0.0042545
0.00425705
0.0042596
0.00426215
0.0042647
0.00426725
0.0042698
0.00427235
0.0042749
0.00427745
0.00428
0.00428255
0.0042851
0.00428765
0.0042902
0.00429275
0.0042953
0.00429785
0.0043004
0.00430295
0.0043055
0.00430805
0.0043106
0.00431315
0.0043157
0.00431825
0.0043208
0.00432335
0.0043259
0.00432845
0.004331
0.00433355
0.0043361
0.00433865
0.0043412
0.00434375
0.0043463
0.00434885
0.0043514
0.00435395
0.0043565
0.00435905
0.0043616
0.00436415
0.0043667
0.00436925
0.0043718
0.00437435
0.0043769
0.00437945
0.004382
0.00438455
0.0043871
0.00438965
0.0043922
0.00439475
0.0043973
0.00439985
0.0044024
0.00440495
0.0044075
0.00441005
0.0044126
0.00441515
0.0044177
0.00442025
0.0044228
0.00442535
0.0044279
0.00443045
0.004433
0.00443555
0.0044381
0.00444065
0.0044432
0.00444575
0.0044483
0.00445085
0.0044534
0.00445595
0.00445851
0.00446106
0.00446361
0.00446616
0.00446871
0.00447126
0.00447381
0.00447636
0.00447891
0.00448146
0.00448401
0.00448656
0.00448911
0.00449166
0.00449421
0.00449676
0.00449931
0.00450186
0.00450441
0.00450696
0.00450951
0.00451206
0.00451461
0.00451716
0.00451971
0.00452226
0.00452481
0.00452736
0.00452991
0.00453246
0.00453501
0.00453756
0.00454011
0.00454266
0.00454521
0.00454776
0.00455031
0.00455286
0.00455541
0.00455796
0.00456051
0.00456306
0.00456561
0.00456816
0.00457071
0.00457326
0.00457581
0.00457836
0.00458091
0.00458346
0.00458601
0.00458856
0.00459111
0.00459366
0.00459621
0.00459876
0.00460131
0.00460386
0.00460641
0.00460896
0.00461151
0.00461406
0.00461661
0.00461916
0.00462171
0.00462426
0.00462681
0.00462936
0.00463191
0.00463446
0.00463701
0.00463956
0.00464211
0.00464466
0.00464721
0.00464976
0.00465231
0.00465486
0.00465741
0.00465996
0.00466251
0.00466506
0.00466761
0.00467016
0.00467271
0.00467526
0.00467781
0.00468036
0.00468291
0.00468547
0.00468802
0.00469057
0.00469312
0.00469567
0.00469822
0.00470077
0.00470332
0.00470587
0.00470842
0.00471097
0.00471352
0.00471607
0.00471862
0.00472117
0.00472372
0.00472627
0.00472882
0.00473137
0.00473392
0.00473647
0.00473902
0.00474157
0.00474412
0.00474667
0.00474922
0.00475177
0.00475432
0.00475687
0.00475942
0.00476197
0.00476452
0.00476707
0.00476962
0.00477217
0.00477472
0.00477727
0.00477982
0.00478237
0.00478492
0.00478747
0.00479002
0.00479257
0.00479512
0.00479767
0.00480022
0.00480277
0.00480532
0.00480787
0.00481042
0.00481297
0.00481552
0.00481807
0.00482062
0.00482317
0.00482572
0.00482827
0.00483082
0.00483337
0.00483592
0.00483847
0.00484102
0.00484357
0.00484612
0.00484867
0.00485122
0.00485377
0.00485632
0.00485887
0.00486142
0.00486397
0.00486652
0.00486907
0.00487162
0.00487417
0.00487672
0.00487927
0.00488182
0.00488437
0.00488692
0.00488947
0.00489202
0.00489457
0.00489712
0.00489967
0.00490222
0.00490477
0.00490732
0.00490987
0.00491243
0.00491498
0.00491753
0.00492008
0.00492263
0.00492518
0.00492773
0.00493028
0.00493283
0.00493538
0.00493793
0.00494048
0.00494303
0.00494558
0.00494813
0.00495068
0.00495323
0.00495578
0.00495833
0.00496088
0.00496343
0.00496598
0.00496853
0.00497108
0.00497363
0.00497618
0.00497873
0.00498128
0.00498383
0.00498638
0.00498893
0.00499148
0.00499403
0.00499658
0.00499913
0.00500168
0.00500423
0.00500678
0.00500933
0.00501188
0.00501443
0.00501698
0.00501953
0.00502208
0.00502463
0.00502718
0.00502973
0.00503228
0.00503483
0.00503738
0.00503993
0.00504248
0.00504503
0.00504758
0.00505013
0.00505268
0.00505523
0.00505778
0.00506033
0.00506288
0.00506543
0.00506798
0.00507053
0.00507308
0.00507563
0.00507818
0.00508073
0.00508328
0.00508583
0.00508838
0.00509093
0.00509348
0.00509603
0.00509858
0.00510113
0.00510368
0.00510623
0.00510878
0.00511133
0.00511388
0.00511643
0.00511898
0.00512153
0.00512408
0.00512663
0.00512918
0.00513173
0.00513428
0.00513683
0.00513939
0.00514194
0.00514449
0.00514704
0.00514959
0.00515214
0.00515469
0.00515724
0.00515979
0.00516234
0.00516489
0.00516744
0.00516999
0.00517254
0.00517509
0.00517764
0.00518019
0.00518274
0.00518529
0.00518784
0.00519039
0.00519294
0.00519549
0.00519804
0.00520059
0.00520314
0.00520569
0.00520824
0.00521079
0.00521334
0.00521589
0.00521844
0.00522099
0.00522354
0.00522609
0.00522864
0.00523119
0.00523374
0.00523629
0.00523884
0.00524139
0.00524394
0.00524649
0.00524904
0.00525159
0.00525414
0.00525669
0.00525924
0.00526179
0.00526434
0.00526689
0.00526944
0.00527199
0.00527454
0.00527709
0.00527964
0.00528219
0.00528474
0.00528729
0.00528984
0.00529239
0.00529494
0.00529749
0.00530004
0.00530259
0.00530514
0.00530769
0.00531024
0.00531279
0.00531534
0.00531789
0.00532044
0.00532299
0.00532554
0.00532809
0.00533064
0.00533319
0.00533574
0.00533829
0.00534084
0.00534339
0.00534594
0.00534849
0.00535104
0.00535359
0.00535614
0.00535869
0.00536124
0.00536379
0.00536635
0.0053689
0.00537145
0.005374
0.00537655
0.0053791
0.00538165
0.0053842
0.00538675
0.0053893
0.00539185
0.0053944
0.00539695
0.0053995
0.00540205
0.0054046
0.00540715
0.0054097
0.00541225
0.0054148
0.00541735
0.0054199
0.00542245
0.005425
0.00542755
0.0054301
0.00543265
0.0054352
0.00543775
0.0054403
0.00544285
0.0054454
0.00544795
0.0054505
0.00545305
0.0054556
0.00545815
0.0054607
0.00546325
0.0054658
0.00546835
0.0054709
0.00547345
0.005476
0.00547855
0.0054811
0.00548365
0.0054862
0.00548875
0.0054913
0.00549385
0.0054964
0.00549895
0.0055015
0.00550405
0.0055066
0.00550915
0.0055117
0.00551425
0.0055168
0.00551935
0.0055219
0.00552445
0.005527
0.00552955
0.0055321
0.00553465
0.0055372
0.00553975
0.0055423
0.00554485
0.0055474
0.00554995
0.0055525
0.00555505
0.0055576
0.00556015
0.0055627
0.00556525
0.0055678
0.00557035
0.0055729
0.00557545
0.005578
0.00558055
0.0055831
0.00558565
0.0055882
0.00559075
0.0055933
0.00559586
0.00559841
0.00560096
0.00560351
0.00560606
0.00560861
0.00561116
0.00561371
0.00561626
0.00561881
0.00562136
0.00562391
0.00562646
0.00562901
0.00563156
0.00563411
0.00563666
0.00563921
0.00564176
0.00564431
0.00564686
0.00564941
0.00565196
0.00565451
0.00565706
0.00565961
0.00566216
0.00566471
0.00566726
0.00566981
0.00567236
0.00567491
0.00567746
0.00568001
0.00568256
0.00568511
0.00568766
0.00569021
0.00569276
0.00569531
0.00569786
0.00570041
0.00570296
0.00570551
0.00570806
0.00571061
0.00571316
0.00571571
0.00571826
0.00572081
0.00572336
0.00572591
0.00572846
0.00573101
0.00573356
0.00573611
0.00573866
0.00574121
0.00574376
0.00574631
0.00574886
0.00575141
0.00575396
0.00575651
0.00575906
0.00576161
0.00576416
0.00576671
0.00576926
0.00577181
0.00577436
0.00577691
0.00577946
0.00578201
0.00578456
0.00578711
0.00578966
0.00579221
0.00579476
0.00579731
0.00579986
0.00580241
0.00580496
0.00580751
0.00581006
0.00581261
0.00581516
0.00581771
0.00582026
0.00582282
0.00582537
0.00582792
0.00583047
0.00583302
0.00583557
0.00583812
0.00584067
0.00584322
0.00584577
0.00584832
0.00585087
0.00585342
0.00585597
0.00585852
0.00586107
0.00586362
0.00586617
0.00586872
0.00587127
0.00587382
0.00587637
0.00587892
0.00588147
0.00588402
0.00588657
0.00588912
0.00589167
0.00589422
0.00589677
0.00589932
0.00590187
0.00590442
0.00590697
0.00590952
0.00591207
0.00591462
0.00591717
0.00591972
0.00592227
0.00592482
0.00592737
0.00592992
0.00593247
0.00593502
0.00593757
0.00594012
0.00594267
0.00594522
0.00594777
0.00595032
0.00595287
0.00595542
0.00595797
0.00596052
0.00596307
0.00596562
0.00596817
0.00597072
0.00597327
0.00597582
0.00597837
0.00598092
0.00598347
0.00598602
0.00598857
0.00599112
0.00599367
0.00599622
0.00599877
0.00600132
0.00600387
0.00600642
0.00600897
0.00601152
0.00601407
0.00601662
0.00601917
0.00602172
0.00602427
0.00602682
0.00602937
0.00603192
0.00603447
0.00603702
0.00603957
0.00604212
0.00604467
0.00604722
0.00604978
0.00605233
0.00605488
0.00605743
0.00605998
0.00606253
0.00606508
0.00606763
0.00607018
0.00607273
0.00607528
0.00607783
0.00608038
0.00608293
0.00608548
0.00608803
0.00609058
0.00609313
0.00609568
0.00609823
0.00610078
0.00610333
0.00610588
0.00610843
0.00611098
0.00611353
0.00611608
0.00611863
0.00612118
0.00612373
0.00612628
0.00612883
0.00613138
0.00613393
0.00613648
0.00613903
0.00614158
0.00614413
0.00614668
0.00614923
0.00615178
0.00615433
0.00615688
0.00615943
0.00616198
0.00616453
0.00616708
0.00616963
0.00617218
0.00617473
0.00617728
0.00617983
0.00618238
0.00618493
0.00618748
0.00619003
0.00619258
0.00619513
0.00619768
0.00620023
0.00620278
0.00620533
0.00620788
0.00621043
0.00621298
0.00621553
0.00621808
0.00622063
0.00622318
0.00622573
0.00622828
0.00623083
0.00623338
0.00623593
0.00623848
0.00624103
0.00624358
0.00624613
0.00624868
0.00625123
0.00625378
0.00625633
0.00625888
0.00626143
0.00626398
0.00626653
0.00626908
0.00627163
0.00627418
0.00627674
0.00627929
0.00628184
0.00628439
0.00628694
0.00628949
0.00629204
0.00629459
0.00629714
0.00629969
0.00630224
0.00630479
0.00630734
0.00630989
0.00631244
0.00631499
0.00631754
0.00632009
0.00632264
0.00632519
0.00632774
0.00633029
0.00633284
0.00633539
0.00633794
0.00634049
0.00634304
0.00634559
0.00634814
0.00635069
0.00635324
0.00635579
0.00635834
0.00636089
0.00636344
0.00636599
0.00636854
0.00637109
0.00637364
0.00637619
0.00637874
0.00638129
0.00638384
0.00638639
0.00638894
0.00639149
0.00639404
0.00639659
0.00639914
0.00640169
0.00640424
0.00640679
0.00640934
0.00641189
0.00641444
0.00641699
0.00641954
0.00642209
0.00642464
0.00642719
0.00642974
0.00643229
0.00643484
0.00643739
0.00643994
0.00644249
0.00644504
0.00644759
0.00645014
0.00645269
0.00645524
0.00645779
0.00646034
0.00646289
0.00646544
0.00646799
0.00647054
0.00647309
0.00647564
0.00647819
0.00648074
0.00648329
0.00648584
0.00648839
0.00649094
0.00649349
0.00649604
0.00649859
0.00650114
0.0065037
0.00650625
0.0065088
0.00651135
0.0065139
0.00651645
0.006519
0.00652155
0.0065241
0.00652665
0.0065292
0.00653175
0.0065343
0.00653685
0.0065394
0.00654195
0.0065445
0.00654705
0.0065496
0.00655215
0.0065547
0.00655725
0.0065598
0.00656235
0.0065649
0.00656745
0.00657
0.00657255
0.0065751
0.00657765
0.0065802
0.00658275
0.0065853
0.00658785
0.0065904
0.00659295
0.0065955
0.00659805
0.0066006
0.00660315
0.0066057
0.00660825
0.0066108
0.00661335
0.0066159
0.00661845
0.006621
0.00662355
0.0066261
0.00662865
0.0066312
0.00663375
0.0066363
0.00663885
0.0066414
0.00664395
0.0066465
0.00664905
0.0066516
0.00665415
0.0066567
0.00665925
0.0066618
0.00666435
0.0066669
0.00666945
0.006672
0.00667455
0.0066771
0.00667965
0.0066822
0.00668475
0.0066873
0.00668985
0.0066924
0.00669495
0.0066975
0.00670005
0.0067026
0.00670515
0.0067077
0.00671025
0.0067128
0.00671535
0.0067179
0.00672045
0.006723
0.00672555
0.0067281
0.00673066
0.00673321
0.00673576
0.00673831
0.00674086
0.00674341
0.00674596
0.00674851
0.00675106
0.00675361
0.00675616
0.00675871
0.00676126
0.00676381
0.00676636
0.00676891
0.00677146
0.00677401
0.00677656
0.00677911
0.00678166
0.00678421
0.00678676
0.00678931
0.00679186
0.00679441
0.00679696
0.00679951
0.00680206
0.00680461
0.00680716
0.00680971
0.00681226
0.00681481
0.00681736
0.00681991
0.00682246
0.00682501
0.00682756
0.00683011
0.00683266
0.00683521
0.00683776
0.00684031
0.00684286
0.00684541
0.00684796
0.00685051
0.00685306
0.00685561
0.00685816
0.00686071
0.00686326
0.00686581
0.00686836
0.00687091
0.00687346
0.00687601
0.00687856
0.00688111
0.00688366
0.00688621
0.00688876
0.00689131
0.00689386
0.00689641
0.00689896
0.00690151
0.00690406
0.00690661
0.00690916
0.00691171
0.00691426
0.00691681
0.00691936
0.00692191
0.00692446
0.00692701
0.00692956
0.00693211
0.00693466
0.00693721
0.00693976
0.00694231
0.00694486
0.00694741
0.00694996
0.00695251
0.00695506
0.00695762
0.00696017
0.00696272
0.00696527
0.00696782
0.00697037
0.00697292
0.00697547
0.00697802
0.00698057
0.00698312
0.00698567
0.00698822
0.00699077
0.00699332
0.00699587
0.00699842
0.00700097
0.00700352
0.00700607
0.00700862
0.00701117
0.00701372
0.00701627
0.00701882
0.00702137
0.00702392
0.00702647
0.00702902
0.00703157
0.00703412
0.00703667
0.00703922
0.00704177
0.00704432
0.00704687
0.00704942
0.00705197
0.00705452
0.00705707
0.00705962
0.00706217
0.00706472
0.00706727
0.00706982
0.00707237
0.00707492
0.00707747
0.00708002
0.00708257
0.00708512
0.00708767
0.00709022
0.00709277
0.00709532
0.00709787
0.00710042
0.00710297
0.00710552
0.00710807
0.00711062
0.00711317
0.00711572
0.00711827
0.00712082
0.00712337
0.00712592
0.00712847
0.00713102
0.00713357
0.00713612
0.00713867
0.00714122
0.00714377
0.00714632
0.00714887
0.00715142
0.00715397
0.00715652
0.00715907
0.00716162
0.00716417
0.00716672
0.00716927
0.00717182
0.00717437
0.00717692
0.00717947
0.00718202
0.00718458
0.00718713
0.00718968
0.00719223
0.00719478
0.00719733
0.00719988
0.00720243
0.00720498
0.00720753
0.00721008
0.00721263
0.00721518
0.00721773
0.00722028
0.00722283
0.00722538
0.00722793
0.00723048
0.00723303
0.00723558
0.00723813
0.00724068
0.00724323
0.00724578
0.00724833
0.00725088
0.00725343
0.00725598
0.00725853
0.00726108
0.00726363
0.00726618
0.00726873
0.00727128
0.00727383
0.00727638
0.00727893
0.00728148
0.00728403
0.00728658
0.00728913
0.00729168
0.00729423
0.00729678
0.00729933
0.00730188
0.00730443
0.00730698
0.00730953
0.00731208
0.00731463
0.00731718
0.00731973
0.00732228
0.00732483
0.00732738
0.00732993
0.00733248
0.00733503
0.00733758
0.00734013
0.00734268
0.00734523
0.00734778
0.00735033
0.00735288
0.00735543
0.00735798
0.00736053
0.00736308
0.00736563
0.00736818
0.00737073
0.00737328
0.00737583
0.00737838
0.00738093
0.00738348
0.00738603
0.00738858
0.00739113
0.00739368
0.00739623
0.00739878
0.00740133
0.00740388
0.00740643
0.00740898
0.00741154
0.00741409
0.00741664
0.00741919
0.00742174
0.00742429
0.00742684
0.00742939
0.00743194
0.00743449
0.00743704
0.00743959
0.00744214
0.00744469
0.00744724
0.00744979
0.00745234
0.00745489
0.00745744
0.00745999
0.00746254
0.00746509
0.00746764
0.00747019
0.00747274
0.00747529
0.00747784
0.00748039
0.00748294
0.00748549
0.00748804
0.00749059
0.00749314
0.00749569
0.00749824
0.00750079
0.00750334
0.00750589
0.00750844
0.00751099
0.00751354
0.00751609
0.00751864
0.00752119
0.00752374
0.00752629
0.00752884
0.00753139
0.00753394
0.00753649
0.00753904
0.00754159
0.00754414
0.00754669
0.00754924
0.00755179
0.00755434
0.00755689
0.00755944
0.00756199
0.00756454
0.00756709
0.00756964
0.00757219
0.00757474
0.00757729
0.00757984
0.00758239
0.00758494
0.00758749
0.00759004
0.00759259
0.00759514
0.00759769
0.00760024
0.00760279
0.00760534
0.00760789
0.00761044
0.00761299
0.00761554
0.00761809
0.00762064
0.00762319
0.00762574
0.00762829
0.00763084
0.00763339
0.00763594
0.0076385
0.00764105
0.0076436
0.00764615
0.0076487
0.00765125
0.0076538
0.00765635
0.0076589
0.00766145
0.007664
0.00766655
0.0076691
0.00767165
0.0076742
0.00767675
0.0076793
0.00768185
0.0076844
0.00768695
0.0076895
0.00769205
0.0076946
0.00769715
0.0076997
0.00770225
0.0077048
0.00770735
0.0077099
0.00771245
0.007715
0.00771755
0.0077201
0.00772265
0.0077252
0.00772775
0.0077303
0.00773285
0.0077354
0.00773795
0.0077405
0.00774305
0.0077456
0.00774815
0.0077507
0.00775325
0.0077558
0.00775835
0.0077609
0.00776345
0.007766
0.00776855
0.0077711
0.00777365
0.0077762
0.00777875
0.0077813
0.00778385
0.0077864
0.00778895
0.0077915
0.00779405
0.0077966
0.00779915
0.0078017
0.00780425
0.0078068
0.00780935
0.0078119
0.00781445
0.007817
0.00781955
0.0078221
0.00782465
0.0078272
0.00782975
0.0078323
0.00783485
0.0078374
0.00783995
0.0078425
0.00784505
0.0078476
0.00785015
0.0078527
0.00785525
0.0078578
0.00786035
0.0078629
0.00786546
0.00786801
0.00787056
0.00787311
0.00787566
0.00787821
0.00788076
0.00788331
0.00788586
0.00788841
0.00789096
0.00789351
0.00789606
0.00789861
0.00790116
0.00790371
0.00790626
0.00790881
0.00791136
0.00791391
0.00791646
0.00791901
0.00792156
0.00792411
0.00792666
0.00792921
0.00793176
0.00793431
0.00793686
0.00793941
0.00794196
0.00794451
0.00794706
0.00794961
0.00795216
0.00795471
0.00795726
0.00795981
0.00796236
0.00796491
0.00796746
0.00797001
0.00797256
0.00797511
0.00797766
0.00798021
0.00798276
0.00798531
0.00798786
0.00799041
0.00799296
0.00799551
0.00799806
0.00800061
0.00800316
0.00800571
0.00800826
0.00801081
0.00801336
0.00801591
0.00801846
0.00802101
0.00802356
0.00802611
0.00802866
0.00803121
0.00803376
0.00803631
0.00803886
0.00804141
0.00804396
0.00804651
0.00804906
0.00805161
0.00805416
0.00805671
0.00805926
0.00806181
0.00806436
0.00806691
0.00806946
0.00807201
0.00807456
0.00807711
0.00807966
0.00808221
0.00808476
0.00808731
0.00808986
0.00809242
0.00809497
0.00809752
0.00810007
0.00810262
0.00810517
0.00810772
0.00811027
0.00811282
0.00811537
0.00811792
0.00812047
0.00812302
0.00812557
0.00812812
0.00813067
0.00813322
0.00813577
0.00813832
0.00814087
0.00814342
0.00814597
0.00814852
0.00815107
0.00815362
0.00815617
0.00815872
0.00816127
0.00816382
0.00816637
0.00816892
0.00817147
0.00817402
0.00817657
0.00817912
0.00818167
0.00818422
0.00818677
0.00818932
0.00819187
0.00819442
0.00819697
0.00819952
0.00820207
0.00820462
0.00820717
0.00820972
0.00821227
0.00821482
0.00821737
0.00821992
0.00822247
0.00822502
0.00822757
0.00823012
0.00823267
0.00823522
0.00823777
0.00824032
0.00824287
0.00824542
0.00824797
0.00825052
0.00825307
0.00825562
0.00825817
0.00826072
0.00826327
0.00826582
0.00826837
0.00827092
0.00827347
0.00827602
0.00827857
0.00828112
0.00828367
0.00828622
0.00828877
0.00829132
0.00829387
0.00829642
0.00829897
0.00830152
0.00830407
0.00830662
0.00830917
0.00831172
0.00831427
0.00831682
0.00831938
0.00832193
0.00832448
0.00832703
0.00832958
0.00833213
0.00833468
0.00833723
0.00833978
0.00834233
0.00834488
0.00834743
0.00834998
0.00835253
0.00835508
0.00835763
0.00836018
0.00836273
0.00836528
0.00836783
0.00837038
0.00837293
0.00837548
0.00837803
0.00838058
0.00838313
0.00838568
0.00838823
0.00839078
0.00839333
0.00839588
0.00839843
0.00840098
0.00840353
0.00840608
0.00840863
0.00841118
0.00841373
0.00841628
0.00841883
0.00842138
0.00842393
0.00842648
0.00842903
0.00843158
0.00843413
0.00843668
0.00843923
0.00844178
0.00844433
0.00844688
0.00844943
0.00845198
0.00845453
0.00845708
0.00845963
0.00846218
0.00846473
0.00846728
0.00846983
0.00847238
0.00847493
0.00847748
0.00848003
0.00848258
0.00848513
0.00848768
0.00849023
0.00849278
0.00849533
0.00849788
0.00850043
0.00850298
0.00850553
0.00850808
0.00851063
0.00851318
0.00851573
0.00851828
0.00852083
0.00852338
0.00852593
0.00852848
0.00853103
0.00853358
0.00853613
0.00853868
0.00854123
0.00854378
0.00854633
0.00854889
0.00855144
0.00855399
0.00855654
0.00855909
0.00856164
0.00856419
0.00856674
0.00856929
0.00857184
0.00857439
0.00857694
0.00857949
0.00858204
0.00858459
0.00858714
0.00858969
0.00859224
0.00859479
0.00859734
0.00859989
0.00860244
0.00860499
0.00860754
0.00861009
0.00861264
0.00861519
0.00861774
0.00862029
0.00862284
0.00862539
0.00862794
0.00863049
0.00863304
0.00863559
0.00863814
0.00864069
0.00864324
0.00864579
0.00864834
0.00865089
0.00865344
0.00865599
0.00865854
0.00866109
0.00866364
0.00866619
0.00866874
0.00867129
0.00867384
0.00867639
0.00867894
0.00868149
0.00868404
0.00868659
0.00868914
0.00869169
0.00869424
0.00869679
0.00869934
0.00870189
0.00870444
0.00870699
0.00870954
0.00871209
0.00871464
0.00871719
0.00871974
0.00872229
0.00872484
0.00872739
0.00872994
0.00873249
0.00873504
0.00873759
0.00874014
0.00874269
0.00874524
0.00874779
0.00875034
0.00875289
0.00875544
0.00875799
0.00876054
0.00876309
0.00876564
0.00876819
0.00877074
0.00877329
0.00877585
0.0087784
0.00878095
0.0087835
0.00878605
0.0087886
0.00879115
0.0087937
0.00879625
0.0087988
0.00880135
0.0088039
0.00880645
0.008809
0.00881155
0.0088141
0.00881665
0.0088192
0.00882175
0.0088243
0.00882685
0.0088294
0.00883195
0.0088345
0.00883705
0.0088396
0.00884215
0.0088447
0.00884725
0.0088498
0.00885235
0.0088549
0.00885745
0.00886
0.00886255
0.0088651
0.00886765
0.0088702
0.00887275
0.0088753
0.00887785
0.0088804
0.00888295
0.0088855
0.00888805
0.0088906
0.00889315
0.0088957
0.00889825
0.0089008
0.00890335
0.0089059
0.00890845
0.008911
0.00891355
0.0089161
0.00891865
0.0089212
0.00892375
0.0089263
0.00892885
0.0089314
0.00893395
0.0089365
0.00893905
0.0089416
0.00894415
0.0089467
0.00894925
0.0089518
0.00895435
0.0089569
0.00895945
0.008962
0.00896455
0.0089671
0.00896965
0.0089722
0.00897475
0.0089773
0.00897985
0.0089824
0.00898495
0.0089875
0.00899005
0.0089926
0.00899515
0.0089977
0.00900025
0.00900281
0.00900536
0.00900791
0.00901046
0.00901301
0.00901556
0.00901811
0.00902066
0.00902321
0.00902576
0.00902831
0.00903086
0.00903341
0.00903596
0.00903851
0.00904106
0.00904361
0.00904616
0.00904871
0.00905126
0.00905381
0.00905636
0.00905891
0.00906146
0.00906401
0.00906656
0.00906911
0.00907166
0.00907421
0.00907676
0.00907931
0.00908186
0.00908441
0.00908696
0.00908951
0.00909206
0.00909461
0.00909716
0.00909971
0.00910226
0.00910481
0.00910736
0.00910991
0.00911246
0.00911501
0.00911756
0.00912011
0.00912266
0.00912521
0.00912776
0.00913031
0.00913286
0.00913541
0.00913796
0.00914051
0.00914306
0.00914561
0.00914816
0.00915071
0.00915326
0.00915581
0.00915836
0.00916091
0.00916346
0.00916601
0.00916856
0.00917111
0.00917366
0.00917621
0.00917876
0.00918131
0.00918386
0.00918641
0.00918896
0.00919151
0.00919406
0.00919661
0.00919916
0.00920171
0.00920426
0.00920681
0.00920936
0.00921191
0.00921446
0.00921701
0.00921956
0.00922211
0.00922466
0.00922721
0.00922977
0.00923232
0.00923487
0.00923742
0.00923997
0.00924252
0.00924507
0.00924762
0.00925017
0.00925272
0.00925527
0.00925782
0.00926037
0.00926292
0.00926547
0.00926802
0.00927057
0.00927312
0.00927567
0.00927822
0.00928077
0.00928332
0.00928587
0.00928842
0.00929097
0.00929352
0.00929607
0.00929862
0.00930117
0.00930372
0.00930627
0.00930882
0.00931137
0.00931392
0.00931647
0.00931902
0.00932157
0.00932412
0.00932667
0.00932922
0.00933177
0.00933432
0.00933687
0.00933942
0.00934197
0.00934452
0.00934707
0.00934962
0.00935217
0.00935472
0.00935727
0.00935982
0.00936237
0.00936492
0.00936747
0.00937002
0.00937257
0.00937512
0.00937767
0.00938022
0.00938277
0.00938532
0.00938787
0.00939042
0.00939297
0.00939552
0.00939807
0.00940062
0.00940317
0.00940572
0.00940827
0.00941082
0.00941337
0.00941592
0.00941847
0.00942102
0.00942357
0.00942612
0.00942867
0.00943122
0.00943377
0.00943632
0.00943887
0.00944142
0.00944397
0.00944652
0.00944907
0.00945162
0.00945417
0.00945673
0.00945928
0.00946183
0.00946438
0.00946693
0.00946948
0.00947203
0.00947458
0.00947713
0.00947968
0.00948223
0.00948478
0.00948733
0.00948988
0.00949243
0.00949498
0.00949753
0.00950008
0.00950263
0.00950518
0.00950773
0.00951028
0.00951283
0.00951538
0.00951793
0.00952048
0.00952303
0.00952558
0.00952813
0.00953068
0.00953323
0.00953578
0.00953833
0.00954088
0.00954343
0.00954598
0.00954853
0.00955108
0.00955363
0.00955618
0.00955873
0.00956128
0.00956383
0.00956638
0.00956893
0.00957148
0.00957403
0.00957658
0.00957913
0.00958168
0.00958423
0.00958678
0.00958933
0.00959188
0.00959443
0.00959698
0.00959953
0.00960208
0.00960463
0.00960718
0.00960973
0.00961228
0.00961483
0.00961738
0.00961993
0.00962248
0.00962503
0.00962758
0.00963013
0.00963268
0.00963523
0.00963778
0.00964033
0.00964288
0.00964543
0.00964798
0.00965053
0.00965308
0.00965563
0.00965818
0.00966073
0.00966328
0.00966583
0.00966838
0.00967093
0.00967348
0.00967603
0.00967858
0.00968113
0.00968369
0.00968624
0.00968879
0.00969134
0.00969389
0.00969644
0.00969899
0.00970154
0.00970409
0.00970664
0.00970919
0.00971174
0.00971429
0.00971684
0.00971939
0.00972194
0.00972449
0.00972704
0.00972959
0.00973214
0.00973469
0.00973724
0.00973979
0.00974234
0.00974489
0.00974744
0.00974999
0.00975254
0.00975509
0.00975764
0.00976019
0.00976274
0.00976529
0.00976784
0.00977039
0.00977294
0.00977549
0.00977804
0.00978059
0.00978314
0.00978569
0.00978824
0.00979079
0.00979334
0.00979589
0.00979844
0.00980099
0.00980354
0.00980609
0.00980864
0.00981119
0.00981374
0.00981629
0.00981884
0.00982139
0.00982394
0.00982649
0.00982904
0.00983159
0.00983414
0.00983669
0.00983924
0.00984179
0.00984434
0.00984689
0.00984944
0.00985199
0.00985454
0.00985709
0.00985964
0.00986219
0.00986474
0.00986729
0.00986984
0.00987239
0.00987494
0.00987749
0.00988004
0.00988259
0.00988514
0.00988769
0.00989024
0.00989279
0.00989534
0.00989789
0.00990044
0.00990299
0.00990554
0.00990809
0.00991065
0.0099132
0.00991575
0.0099183
0.00992085
0.0099234
0.00992595
0.0099285
0.00993105
0.0099336
0.00993615
0.0099387
0.00994125
0.0099438
0.00994635
0.0099489
0.00995145
0.009954
0.00995655
0.0099591
0.00996165
0.0099642
0.00996675
0.0099693
0.00997185
0.0099744
0.00997695
0.0099795
0.00998205
0.0099846
0.00998715
0.0099897
0.00999225
0.0099948
0.00999735
0.0099999
0.0100024
0.010005
0.0100075
0.0100101
0.0100126
0.0100152
0.0100177
0.0100203
0.0100228
0.0100254
0.010028
0.0100305
0.0100331
0.0100356
0.0100382
0.0100407
0.0100433
0.0100458
0.0100484
0.0100509
0.0100535
0.010056
0.0100586
0.0100611
0.0100637
0.0100662
0.0100688
0.0100713
0.0100739
0.0100764
0.010079
0.0100815
0.0100841
0.0100866
0.0100892
0.0100917
0.0100943
0.0100968
0.0100994
0.0101019
0.0101045
0.010107
0.0101096
0.0101121
0.0101147
0.0101172
0.0101198
0.0101223
0.0101249
0.0101274
0.01013
0.0101325
0.0101351
0.0101376
0.0101402
0.0101427
0.0101453
0.0101478
0.0101504
0.0101529
0.0101555
0.010158
0.0101606
0.0101631
0.0101657
0.0101682
0.0101708
0.0101733
0.0101759
0.0101784
0.010181
0.0101835
0.0101861
0.0101886
0.0101912
0.0101937
0.0101963
0.0101988
0.0102014
0.0102039
0.0102065
0.010209
0.0102116
0.0102141
0.0102167
0.0102192
0.0102218
0.0102243
0.0102269
0.0102294
0.010232
0.0102345
0.0102371
0.0102396
0.0102422
0.0102447
0.0102473
0.0102498
0.0102524
0.0102549
0.0102575
0.01026
0.0102626
0.0102651
0.0102677
0.0102702
0.0102728
0.0102753
0.0102779
0.0102804
0.010283
0.0102855
0.0102881
0.0102906
0.0102932
0.0102957
0.0102983
0.0103008
0.0103034
0.0103059
0.0103085
0.010311
0.0103136
0.0103161
0.0103187
0.0103212
0.0103238
0.0103263
0.0103289
0.0103314
0.010334
0.0103365
0.0103391
0.0103416
0.0103442
0.0103467
0.0103493
0.0103518
0.0103544
0.0103569
0.0103595
0.010362
0.0103646
0.0103671
0.0103697
0.0103722
0.0103748
0.0103773
0.0103799
0.0103824
0.010385
0.0103875
0.0103901
0.0103926
0.0103952
0.0103977
0.0104003
0.0104028
0.0104054
0.0104079
0.0104105
0.010413
0.0104156
0.0104181
0.0104207
0.0104232
0.0104258
0.0104283
0.0104309
0.0104334
0.010436
0.0104385
0.0104411
0.0104436
0.0104462
0.0104487
0.0104513
0.0104538
0.0104564
0.0104589
0.0104615
0.010464
0.0104666
0.0104691
0.0104717
0.0104742
0.0104768
0.0104793
0.0104819
0.0104844
0.010487
0.0104895
0.0104921
0.0104946
0.0104972
0.0104997
0.0105023
0.0105048
0.0105074
0.0105099
0.